#Scan complete at Sun Jun 26 21:16:15
#MONOKB: 7119.999873	TABLE: 194.531260	HORZ: 64.362000	VERT: 25.203000	TUNE: 5.341421	
#XAXIS: 5.045880	YAXIS: -6.166050	ZAXIS: 6.602950	PHI: -20.000000	DETECTOR: 3.000000	
#SRSI0: 3.000000	SRSI1: 3.000000	MONO: 7119.999873	MONVTRAN: 4.059246	SVGAP: 0.250074	
#SVTRANS: 5.250000	SHGAP: 0.250074	SHTRANS: -0.700000	MONVGAP: 2.000254	
# Scan of MONO	FF1
#MONO	I0	I1	I2	Lytle	FF1	ICR1	SCA2.1	SCA3.1	SCA4.1	TIME1	SPEAR	
7110.0	381670.0	11446.0	1161184.0	344.0	448388.755345	683462.185909	52115.7697476	656.455290138	1017.04340726	396119814.0	499.76	
7110.05	381659.0	11362.0	1231138.0	341.0	451635.36111	686623.411797	51538.5553874	676.083920353	991.521250973	395578463.0	499.656	
7110.1	381491.0	11358.0	1255333.0	344.0	460958.626272	699468.801937	52193.8091808	651.703068785	1017.64359321	396715599.0	499.55	
7110.15	380645.0	11353.0	1264714.0	344.0	467964.978951	707174.970221	51889.6214143	683.82707914	1066.3589189	395656518.0	499.465	
7110.2	380649.0	11349.0	1268034.0	346.0	477874.826668	718689.805326	51681.2165891	663.529294558	1019.46904017	396359012.0	499.359	
7110.25	380538.0	11410.0	1268501.0	339.0	488580.648115	732069.787434	51702.2331241	726.634880471	1044.66629416	396929217.0	499.256	
7110.3	380446.0	11425.0	1268253.0	340.0	498185.816533	742746.436366	51942.7298835	652.823684135	1074.99672908	396534693.0	499.151	
7110.35	380406.0	11409.0	1268186.0	344.0	511795.636982	758842.865141	51145.7687502	726.385313636	1085.97180223	396660289.0	499.047	
7110.4	380254.0	11418.0	1267789.0	343.0	523789.582745	773751.717962	51564.5158347	768.050148887	1100.01276357	396651690.0	498.942	
7110.45	379934.0	11253.0	1266714.0	341.0	535080.188523	786821.935839	51510.7759081	761.227750259	1166.59699938	396611334.0	498.856	
7110.5	379906.0	11202.0	1265364.0	345.0	550657.237056	804720.672635	51238.908077	753.513354073	1150.91423259	396502397.0	498.751	
7110.55	380482.0	11249.0	1265080.0	339.0	566930.086816	824195.236074	50948.5983755	819.16908643	1181.75212469	396531638.0	498.648	
7110.6	380391.0	11198.0	1263560.0	339.0	584433.518782	845649.772872	51309.0837865	795.016833202	1219.92179867	397015934.0	498.543	
7110.65	380364.0	11162.0	1262664.0	343.0	601785.98507	866181.965166	51086.5149625	792.568365157	1205.40750053	396821154.0	498.441	
7110.7	380221.0	11132.0	1261409.0	341.0	621381.236582	889115.160489	50496.4877357	806.742492742	1272.76832295	396888812.0	498.337	
7110.75	380127.0	11161.0	1261191.0	343.0	640074.398435	912078.185094	50956.1877778	834.41275755	1204.45667612	397017601.0	498.234	
7110.8	380082.0	11165.0	1260598.0	344.0	660436.247612	935257.296787	50866.7157516	831.057158647	1292.75558012	396590299.0	498.147	
7110.85	379941.0	11217.0	1259132.0	340.0	682366.57698	961889.974033	50421.0374969	849.59437796	1389.67882361	396486679.0	498.043	
7110.9	379846.0	11346.0	1257774.0	339.0	697168.178049	979881.160057	50190.3799031	873.056929356	1297.11315219	396554893.0	497.938	
7110.95	379652.0	11384.0	1257199.0	342.0	720835.218854	1007198.86626	50077.755352	939.523655915	1392.1181081	396803059.0	497.836	
7111.0	379556.0	11424.0	1256444.0	342.0	746633.108156	1037773.15529	49655.1215614	963.560196448	1381.27656269	396926902.0	497.731	
7111.05	379478.0	11349.0	1255362.0	340.0	766642.406611	1061811.25543	49489.6590572	918.599141021	1482.68783034	396879280.0	497.644	
7111.1	379039.0	11365.0	1254571.0	340.0	792186.725652	1092348.49568	49607.2586486	998.033150976	1499.13766193	396567454.0	497.541	
7111.15	379116.0	11384.0	1253694.0	343.0	818252.817413	1124038.09303	49641.538508	1042.14722563	1529.24913852	396468688.0	497.438	
7111.2	379002.0	11524.0	1252419.0	343.0	844570.060833	1155013.16773	49339.7450082	1022.41730027	1600.07784249	397078981.0	497.334	
7111.25	378940.0	11527.0	1249894.0	340.0	872264.375511	1188091.7338	49605.8135908	1054.2833581	1577.23305561	395898017.0	497.247	
7111.3	378848.0	11336.0	1247829.0	345.0	905561.96668	1228320.17514	49279.227761	1110.53554936	1683.64746802	395933184.0	497.145	
7111.35	378741.0	11498.0	1246042.0	337.0	931981.259105	1261621.35961	49276.2133089	1194.91244097	1698.31003044	396702299.0	497.041	
7111.4	378668.0	11452.0	1244614.0	340.0	963150.510731	1297818.68426	49352.5018786	1175.61086323	1746.05051217	396422497.0	496.938	
7111.45	378600.0	11702.0	1243556.0	342.0	996219.547427	1337374.59491	48903.4968639	1191.07145996	1779.22887116	396908127.0	496.851	
7111.5	378575.0	11757.0	1242514.0	344.0	1020752.06114	1367783.01771	49028.1821259	1247.44513675	1812.06708951	396486303.0	496.749	
7111.55	378423.0	11744.0	1241200.0	343.0	1051557.619	1403539.83632	48844.8933071	1249.20838412	1827.31074124	396459048.0	496.645	
7111.6	378362.0	11786.0	1239461.0	342.0	1081193.414	1440833.43305	48791.8123358	1265.7803903	1979.10479086	396919045.0	496.542	
7111.65	379049.0	11794.0	1238174.0	346.0	1105154.2618	1466886.44479	48246.6499415	1352.95735375	1925.07714313	396588033.0	496.456	
7111.7	379102.0	11733.0	1237135.0	344.0	1135665.13882	1504237.46299	48652.9325158	1311.35976164	1972.34449587	397032495.0	496.353	
7111.75	378977.0	11762.0	1235356.0	342.0	1157894.0764	1532053.91121	48754.0721178	1319.25657575	2014.99977793	396590346.0	496.25	
7111.8	378927.0	11744.0	1234335.0	343.0	1176822.85144	1555963.05001	48950.599469	1383.27787113	1987.19933985	396363601.0	496.147	
7111.85	378873.0	11795.0	1232863.0	342.0	1203834.69694	1586808.22633	48213.722892	1422.1520717	2123.6477418	396659251.0	496.062	
7111.9	378762.0	11746.0	1231602.0	344.0	1230411.02222	1619941.62173	48392.4056257	1391.01518373	2135.02177243	396444911.0	495.958	
7111.95	378715.0	11724.0	1229627.0	344.0	1255803.67439	1650334.5411	48567.4115227	1537.70658942	2147.02682714	396893650.0	495.855	
7112.0	378712.0	11716.0	1227886.0	345.0	1280936.7846	1679717.30017	48080.5769035	1537.44167291	2163.52980378	396533697.0	495.753	
7112.05	378624.0	11755.0	1226088.0	342.0	1308608.1672	1713287.38159	48114.8339254	1554.29986646	2235.71006256	397113484.0	495.651	
7112.1	378546.0	11974.0	1224998.0	343.0	1331798.0651	1741242.34522	48417.7076592	1519.64626238	2248.94795701	396933003.0	495.547	
7112.15	378428.0	11954.0	1222794.0	344.0	1361095.76811	1777819.18724	48408.3204549	1651.64865076	2356.28057514	396782084.0	495.462	
7112.2	378378.0	11937.0	1220866.0	342.0	1384913.51385	1806262.34483	48373.1608747	1574.0362205	2339.58043961	396813292.0	495.361	
7112.25	378968.0	11833.0	1219056.0	341.0	1405620.54259	1830029.5197	48594.4400999	1612.39764085	2376.67412261	395628661.0	495.257	
7112.3	379062.0	11793.0	1216895.0	341.0	1435207.42149	1867246.3384	48467.9960652	1628.47989267	2517.5244342	396563786.0	495.154	
7112.35	378884.0	11770.0	1215685.0	344.0	1458736.212	1894889.85158	48767.2689646	1671.15251903	2507.26751244	396711850.0	495.07	
7112.4	380762.0	11739.0	1215023.0	345.0	1488918.9231	1932932.91412	48785.2231166	1696.42689715	2510.10748267	396377595.0	499.41	
7112.45	382017.0	11766.0	1216520.0	343.0	1518167.64201	1969566.74929	49221.3151249	1771.18063339	2557.8917384	396678333.0	500.043	
7112.5	381891.0	11704.0	1216194.0	341.0	1536242.75226	1992073.98561	49408.8183666	1647.14086401	2537.22420681	397120797.0	499.939	
7112.55	381719.0	11787.0	1214625.0	342.0	1558474.39325	2017153.52174	49187.9386268	1784.12507664	2599.32300304	397017053.0	499.851	
7112.6	381708.0	11801.0	1212492.0	347.0	1577711.36568	2041752.49344	49390.1073872	1766.40940497	2625.77299893	396845820.0	499.746	
7112.65	381004.0	11794.0	1210751.0	340.0	1586586.28971	2053512.05541	49604.3372057	1899.68520557	2629.415881	396361847.0	499.642	
7112.7	380806.0	11687.0	1209613.0	344.0	1606415.33867	2076288.82318	49387.3256659	1908.94580835	2656.6795559	396466216.0	499.538	
7112.75	380839.0	11647.0	1208992.0	344.0	1623729.46206	2098677.49033	49517.8412508	1823.57552772	2680.5148317	396884737.0	499.433	
7112.8	380763.0	11966.0	1208231.0	339.0	1637432.81745	2114611.82649	49406.9683475	1869.4587315	2691.15105767	396422667.0	499.346	
7112.85	380745.0	11950.0	1205504.0	345.0	1655491.78479	2135566.67993	49471.7765232	1943.80212939	2761.78713292	396623722.0	499.241	
7112.9	381308.0	12027.0	1202764.0	345.0	1665989.05864	2149232.60481	49182.4326668	1900.33919262	2753.64155632	396348451.0	499.138	
7112.95	380598.0	11945.0	1200023.0	341.0	1681677.37501	2169074.47722	49513.7925272	1924.44122464	2813.14752871	396974536.0	499.034	
7113.0	380619.0	11820.0	1197821.0	342.0	1699113.84696	2189454.01515	49930.6582618	1939.06527206	2853.55417777	396970017.0	498.93	
