#Scan complete at Sat Jun 25 10:51:49
#MONOKB: 7119.999873	TABLE: 194.366550	HORZ: 64.362000	VERT: 25.203000	TUNE: 5.341421	
#XAXIS: 3.305350	YAXIS: -4.406260	ZAXIS: 3.201640	PHI: -20.000000	DETECTOR: 3.000000	
#SRSI0: 3.000000	SRSI1: 3.000000	MONO: 7119.999873	MONVTRAN: 4.059246	SVGAP: 0.250074	
#SVTRANS: 5.250000	SHGAP: 0.250074	SHTRANS: -0.700000	MONVGAP: 2.000254	
# Scan of MONO	FF1
#MONO	I0	I1	I2	Lytle	FF1	ICR1	SCA2.1	SCA3.1	SCA4.1	TIME1	SPEAR	
7110.0	211478.0	10665.0	586611.0	341.0	267124.657563	348062.368477	4791.31910462	291.980512512	478.523617728	396296037.0	495.96	
7110.05	373550.0	10663.0	1080521.0	340.0	508250.481447	657580.31479	9112.02158245	584.95915103	953.380791766	396624185.0	495.857	
7110.1	375325.0	10676.0	1289566.0	343.0	508919.451675	658261.415186	9114.32885518	654.762054904	931.855714503	396608387.0	495.755	
7110.15	376902.0	10709.0	1365796.0	343.0	514792.027197	665078.869838	9141.47864238	661.101880482	942.378146402	396499423.0	495.653	
7110.2	378084.0	10656.0	1396302.0	341.0	523116.477984	676555.530793	9418.37878884	647.0641916	891.510663982	395545964.0	495.55	
7110.25	378917.0	10791.0	1407888.0	341.0	536738.844722	693615.608914	9583.24585138	693.69339943	1031.80470078	396736275.0	495.465	
7110.3	379534.0	10895.0	1412445.0	342.0	545098.423036	704107.437231	9688.14825204	651.839752923	972.618937327	396458039.0	495.363	
7110.35	379964.0	10843.0	1414905.0	338.0	560288.646202	722686.348576	9942.0620393	625.558700186	1103.9876403	396622972.0	495.26	
7110.4	380328.0	10724.0	1415564.0	340.0	577207.384194	743830.885695	10177.9322461	725.96542225	1074.01692965	396604699.0	495.159	
7110.45	380523.0	10700.0	1415142.0	345.0	591052.061356	761807.599129	10496.962772	730.572946434	1041.76198709	397122625.0	495.073	
7110.5	381006.0	10667.0	1415544.0	341.0	612314.817634	786944.052952	10601.5054759	732.347624816	1126.37127648	396767444.0	496.048	
7110.55	383679.0	10675.0	1419233.0	335.0	635586.858258	816244.604909	10832.8870229	691.900315097	1166.93635233	396518308.0	500.081	
7110.6	384149.0	10686.0	1422577.0	341.0	658209.279454	843591.788709	11097.4453363	757.748246994	1186.75987387	396947958.0	499.977	
7110.65	384111.0	10690.0	1422735.0	341.0	679073.33044	868697.245395	11247.9834874	803.057796139	1233.56300644	396013172.0	499.872	
7110.7	384132.0	10666.0	1421508.0	342.0	706735.88375	902890.439645	11716.2416796	833.099700219	1201.98464211	396783333.0	499.769	
7110.75	384145.0	10675.0	1420550.0	339.0	726687.585094	928443.543307	11856.3358836	782.123994423	1314.25875455	396125485.0	499.682	
7110.8	384073.0	10678.0	1418713.0	339.0	755579.694164	964035.576921	12316.8406303	876.658246921	1334.72256788	396743113.0	499.576	
7110.85	383977.0	10695.0	1416577.0	345.0	779925.627113	993335.535831	12825.5587324	901.626483496	1304.08259551	396311644.0	499.472	
7110.9	383916.0	10718.0	1414550.0	342.0	800583.874326	1019392.75482	13033.3998743	919.20863331	1404.31760627	396319516.0	499.369	
7110.95	383823.0	10755.0	1412849.0	335.0	827621.854522	1053765.71682	13277.5064552	947.499871863	1385.28859154	396905312.0	499.265	
7111.0	383702.0	10782.0	1411669.0	341.0	854827.551625	1086881.25248	13800.7071021	978.085058214	1397.71173207	395713567.0	499.179	
7111.05	383637.0	10580.0	1410522.0	344.0	879970.938637	1117674.76053	14148.229012	1018.8731285	1523.60720138	396742197.0	499.074	
7111.1	383504.0	10751.0	1409312.0	336.0	909973.572267	1155357.76418	14544.4811215	1026.70619415	1491.39278967	396391576.0	498.97	
7111.15	383301.0	10731.0	1408693.0	339.0	942673.575164	1194921.19204	14854.4967513	1047.10995304	1574.33348295	396924956.0	498.866	
7111.2	382921.0	10717.0	1407320.0	339.0	970918.044442	1231222.92173	15733.3260195	1128.38251191	1662.65851057	396916587.0	498.779	
7111.25	382812.0	10757.0	1405488.0	345.0	998930.941348	1265001.75125	16058.8439968	1193.00876661	1687.03001799	396502295.0	498.675	
7111.3	382752.0	10773.0	1402598.0	342.0	1036714.89492	1311655.64246	16347.7679314	1196.20382416	1747.97389798	396839513.0	498.571	
7111.35	382638.0	10721.0	1400950.0	336.0	1066573.61093	1348024.06255	16721.3487969	1183.15906856	1804.2648541	396811737.0	498.468	
7111.4	382321.0	10732.0	1399371.0	342.0	1098465.63652	1387979.2533	17268.0182038	1151.20121359	1860.93260398	396954080.0	498.363	
7111.45	382379.0	10737.0	1397024.0	344.0	1126181.98676	1423187.93858	17943.0441467	1252.33224886	1817.15101651	396280293.0	498.26	
7111.5	382222.0	10677.0	1395287.0	341.0	1149822.94541	1452597.16226	18050.5491429	1289.77876664	1960.08250989	396334694.0	498.174	
7111.55	382272.0	10722.0	1393902.0	341.0	1181919.10512	1492364.53578	18634.6598983	1354.2260807	1976.72467849	397086514.0	498.07	
7111.6	382303.0	10933.0	1391997.0	341.0	1209971.04367	1526598.8666	19298.0276868	1344.44766957	2002.86595957	396704289.0	497.967	
7111.65	382202.0	10937.0	1389765.0	342.0	1230125.15719	1551905.41223	19557.4522564	1387.31723621	2060.24582665	396368998.0	497.881	
7111.7	382122.0	10924.0	1387976.0	343.0	1255161.16942	1583888.17503	20143.9759573	1367.62345354	2094.53926581	397092278.0	497.777	
7111.75	381437.0	10927.0	1386114.0	342.0	1277220.13483	1610453.05308	20112.5618924	1453.35528826	2111.8403089	396512312.0	497.674	
7111.8	381283.0	10806.0	1383616.0	343.0	1295975.10722	1633895.94063	20675.4224583	1345.80065723	2141.33733733	397038832.0	497.571	
7111.85	381180.0	10926.0	1381815.0	334.0	1316093.10944	1660083.64686	21028.1967406	1452.90769439	2186.30048354	396886202.0	497.468	
7111.9	381101.0	10722.0	1380511.0	344.0	1343810.73949	1692872.34531	21329.5148538	1502.7709904	2160.09969531	397334846.0	497.381	
7111.95	381034.0	10735.0	1378493.0	336.0	1366134.85202	1721327.9657	22065.0023141	1534.64028123	2191.73172661	396469726.0	497.279	
7112.0	381019.0	10803.0	1376790.0	335.0	1391205.30385	1753251.92454	22397.4887901	1609.46455663	2264.18016522	396366872.0	497.176	
7112.05	380984.0	10729.0	1374564.0	338.0	1417862.892	1784643.51992	22895.8174415	1567.29556679	2362.20728136	396987985.0	497.073	
7112.1	380878.0	10734.0	1371723.0	338.0	1436564.854	1810126.26058	23542.7263306	1618.34094696	2235.82339188	396725838.0	496.97	
7112.15	380541.0	10724.0	1369730.0	341.0	1458224.63644	1836568.60744	23680.5021077	1610.37734508	2348.91488585	396636007.0	496.884	
7112.2	380309.0	10729.0	1368335.0	341.0	1476561.08396	1858515.44253	24222.4287726	1651.55368747	2274.51758652	396720849.0	496.78	
7112.25	380785.0	10718.0	1365553.0	343.0	1497738.66698	1885936.15089	24379.1068963	1650.19183339	2498.98502185	396448187.0	496.678	
7112.3	380694.0	10758.0	1362527.0	342.0	1519291.31276	1913930.76676	25067.7459091	1710.29187868	2468.38468493	396297069.0	496.574	
7112.35	380563.0	10724.0	1360566.0	343.0	1538356.10727	1936986.89964	25476.4009361	1688.92987101	2513.42982082	397067759.0	496.472	
7112.4	380596.0	10690.0	1358208.0	338.0	1560633.55736	1965011.86869	26064.1460934	1764.25909101	2536.73015657	397064694.0	496.369	
7112.45	380447.0	10707.0	1356444.0	339.0	1573185.83944	1979894.7293	25816.3386539	1721.08924359	2567.57974468	396713064.0	496.283	
7112.5	380133.0	10720.0	1354007.0	341.0	1590278.33173	2000444.45312	26298.7717423	1742.93735712	2526.23136491	397007816.0	496.181	
7112.55	380106.0	10750.0	1352173.0	339.0	1606406.26787	2021593.42196	26671.7316736	1755.44589886	2586.06095402	396355453.0	496.078	
7112.6	380241.0	10682.0	1348799.0	336.0	1622605.8592	2042920.87564	26852.8453936	1844.44662254	2599.78110897	397072397.0	495.975	
7112.65	380323.0	10651.0	1345977.0	339.0	1634382.40909	2057982.13877	27065.9610086	1791.31315196	2689.13838794	397098621.0	495.872	
7112.7	380246.0	10712.0	1343622.0	340.0	1647631.71688	2073010.65772	27509.9318447	1794.57413808	2559.49237711	397011123.0	495.787	
7112.75	379795.0	10643.0	1340416.0	337.0	1661490.78937	2091090.33729	27838.8927619	1785.05946802	2721.02130587	396833206.0	495.685	
7112.8	379703.0	10681.0	1336850.0	341.0	1669952.86462	2100706.32435	27891.6057602	1736.9791872	2660.32647245	396491642.0	495.582	
7112.85	379630.0	10695.0	1333899.0	338.0	1687853.83155	2122305.98901	28189.2397507	1883.99353984	2589.53987992	396873138.0	495.479	
7112.9	379600.0	10714.0	1330672.0	340.0	1699407.96914	2137763.3384	28544.3561065	1836.30752345	2750.10984554	396566388.0	495.394	
7112.95	379035.0	10723.0	1327183.0	341.0	1705425.68718	2146078.75317	28431.1611505	1894.54019072	2767.26921597	396677023.0	495.292	
7113.0	378696.0	10676.0	1324271.0	340.0	1723488.97309	2167352.15705	28957.9912016	1906.06253443	2850.38037291	396353439.0	495.19	
7113.05	378620.0	10701.0	1321228.0	342.0	1731613.46489	2179071.55719	29071.3825243	1945.21189811	2809.38726797	396045345.0	495.088	
7113.1	379331.0	10718.0	1318913.0	336.0	1744028.91401	2194565.4576	29477.8935863	1853.88698519	2790.64517359	395619779.0	497.961	
7113.15	381636.0	10740.0	1319917.0	340.0	1773214.63566	2231654.52333	30132.7594675	1979.37293169	2854.96978288	397079318.0	499.977	
7113.2	381530.0	10733.0	1319590.0	338.0	1783615.33149	2245519.18121	30525.098943	1987.15750402	2926.6602272	396738975.0	499.873	
7113.25	381588.0	10734.0	1317306.0	339.0	1794051.44524	2257282.11736	30764.6479463	2000.04638679	2743.23302232	396857364.0	499.769	
7113.3	381502.0	10714.0	1314588.0	342.0	1801860.75015	2268079.25602	30818.7572575	2021.70872664	2898.62078655	396774453.0	499.665	
7113.35	381413.0	10734.0	1311588.0	335.0	1812787.26587	2280928.54086	30889.7996081	1994.47845454	2873.01175075	396353687.0	499.579	
7113.4	381194.0	10741.0	1309150.0	339.0	1819062.02099	2291857.79075	31245.0835833	2031.06175156	3001.7254227	397212621.0	499.474	
7113.45	381169.0	10750.0	1306540.0	339.0	1828917.89573	2303668.10042	31027.2056406	1955.486953	2877.39065649	396944504.0	499.37	
7113.5	381160.0	10706.0	1303580.0	340.0	1838408.69822	2312893.77847	31375.7356783	2103.98255448	2941.85171334	397104924.0	499.265	
7113.55	381138.0	10717.0	1301281.0	343.0	1845507.1711	2322355.05501	31717.1444987	1940.61367791	2823.80657706	396661783.0	499.163	
7113.6	381550.0	10802.0	1298524.0	335.0	1851867.33333	2331715.89726	32201.4601822	2118.99310748	2995.96904436	396493641.0	499.077	
7113.65	381841.0	10603.0	1295424.0	343.0	1856331.20007	2336024.35145	31639.0869039	2081.34572798	3049.64302924	395735754.0	498.973	
7113.7	381644.0	10752.0	1292799.0	341.0	1868439.3952	2352498.11256	32473.5533305	2016.4321291	2997.22120605	396643144.0	498.869	
7113.75	381559.0	10911.0	1289674.0	343.0	1878158.31833	2363947.17569	32355.3954067	2100.75738012	3027.11016424	396642250.0	498.766	
7113.8	381419.0	11026.0	1286572.0	338.0	1889289.70503	2377935.6724	32675.0959293	2109.38129785	2998.81328706	397085443.0	498.662	
7113.85	381447.0	10907.0	1283690.0	337.0	1896871.49948	2387360.55445	33191.2609296	2065.18519105	3028.57211262	396963323.0	498.558	
7113.9	381347.0	10857.0	1280357.0	338.0	1905065.77599	2396314.56432	33115.849351	2100.09916074	3032.01129486	396721524.0	498.471	
7113.95	381307.0	10659.0	1276738.0	338.0	1912232.21901	2405882.82867	33106.1350809	2096.61927468	3047.62906629	396468838.0	498.367	
7114.0	381357.0	10747.0	1273246.0	336.0	1917131.88382	2413776.32926	33571.786286	2036.71989392	3047.38165554	396600477.0	498.263	
