#Scan complete at Sun Jun 26 08:26:43
#MONOKB: 7119.999873	TABLE: 194.549032	HORZ: 64.362000	VERT: 25.203000	TUNE: 5.341421	
#XAXIS: 4.687050	YAXIS: -5.507080	ZAXIS: 0.386475	PHI: -20.000000	DETECTOR: 3.000000	
#SRSI0: 3.000000	SRSI1: 3.000000	MONO: 7119.999873	MONVTRAN: 4.059246	SVGAP: 0.250074	
#SVTRANS: 5.250000	SHGAP: 0.250074	SHTRANS: -0.700000	MONVGAP: 2.000254	
# Scan of MONO	FF1
#MONO	I0	I1	I2	Lytle	FF1	ICR1	SCA2.1	SCA3.1	SCA4.1	TIME1	SPEAR	
7110.0	382254.0	7484.0	1184707.0	338.0	393166.259607	523825.529528	7913.61215483	511.444748397	926.929803481	396688468.0	499.308	
7110.05	382241.0	7600.0	1257494.0	339.0	394539.509773	525282.577142	7988.55169196	493.095267376	914.727452523	396783782.0	499.221	
7110.1	382248.0	7703.0	1283027.0	337.0	399474.245605	531127.794598	8205.86402955	508.526665843	904.728164532	396754790.0	499.115	
7110.15	382294.0	7687.0	1291929.0	338.0	404937.497177	537509.940956	8092.45819263	537.250158945	920.270709524	396879637.0	499.012	
7110.2	382187.0	7692.0	1295188.0	343.0	413489.958638	548467.857656	8199.14996679	526.241554449	948.256626269	396886126.0	498.908	
7110.25	382155.0	7682.0	1296885.0	336.0	420780.584256	557381.491066	8086.66602383	562.212907737	951.673122005	396562006.0	498.803	
7110.3	382135.0	7677.0	1296921.0	339.0	430335.203968	568915.768007	8359.06151317	537.908778557	990.93841525	397073418.0	498.699	
7110.35	382149.0	7724.0	1296599.0	340.0	440312.806035	581142.199141	8426.72603853	565.806155817	974.046040393	396641685.0	498.611	
7110.4	382012.0	7769.0	1295675.0	334.0	452301.540388	596202.628957	8688.69578062	587.641260525	992.02853911	396638402.0	498.508	
7110.45	381399.0	7770.0	1295501.0	341.0	462726.41728	608140.687035	8761.24001102	554.106949493	1052.90562676	396954238.0	498.404	
7110.5	382118.0	7708.0	1295261.0	340.0	474827.217485	622960.608978	8963.45162209	651.812855208	1004.36572029	396349767.0	498.299	
7110.55	382664.0	7648.0	1293947.0	343.0	487326.706291	639231.899653	8989.39831012	570.169457042	1070.60595891	396905783.0	498.196	
7110.6	382587.0	7454.0	1292661.0	337.0	502226.513394	656808.245655	9187.53340666	616.743837529	1113.42273497	396881465.0	498.091	
7110.65	382560.0	7719.0	1291859.0	341.0	516228.663491	673735.348012	9164.08978841	664.406778698	1074.14140729	396537437.0	498.004	
7110.7	382465.0	7701.0	1291018.0	338.0	533913.660665	696157.338532	9470.26459743	669.105953215	1054.53564977	396521183.0	497.9	
7110.75	382496.0	7668.0	1290235.0	341.0	548140.87112	713749.901737	9774.08760167	680.88456196	1152.97823861	396499986.0	497.795	
7110.8	382534.0	7704.0	1289381.0	343.0	564404.008543	733062.019199	9899.87444545	718.45626564	1168.26341189	396534880.0	497.692	
7110.85	382303.0	7702.0	1287686.0	341.0	582881.117105	756663.983034	10018.0567132	772.680227775	1162.11106257	396847001.0	497.606	
7110.9	381560.0	7687.0	1286560.0	335.0	596385.905169	772066.119612	10200.8603772	739.16289949	1230.90725522	396273697.0	497.501	
7110.95	381825.0	7707.0	1285740.0	343.0	613728.977954	794265.99933	10269.9697834	749.120673442	1205.19689612	395866463.0	497.396	
7111.0	382257.0	7496.0	1284262.0	345.0	638174.404804	823847.144927	10744.8037092	775.749623686	1267.43646906	397006016.0	497.294	
7111.05	381793.0	7452.0	1283636.0	341.0	654934.645305	843660.027149	10870.0229114	737.073355761	1299.4406847	396976961.0	497.189	
7111.1	382071.0	7432.0	1282611.0	340.0	676665.28473	872159.479975	11150.695738	850.739919866	1236.78127036	396535012.0	497.085	
7111.15	382097.0	7450.0	1281428.0	340.0	701029.933639	902291.506996	11528.1854902	870.364534583	1431.95688904	397017833.0	497.0	
7111.2	382021.0	7536.0	1279645.0	339.0	721164.526637	927645.453194	11880.1808848	875.403585363	1484.24470457	396745907.0	496.896	
7111.25	381916.0	7490.0	1278844.0	342.0	749010.950073	960319.118813	12000.4513651	909.77026359	1363.61684486	396677855.0	496.793	
7111.3	381801.0	7653.0	1277237.0	337.0	779063.331329	997606.024215	12521.0841284	931.879008142	1460.22112437	397002537.0	496.69	
7111.35	381867.0	7725.0	1276276.0	342.0	804194.817488	1028039.28755	12628.8843395	1000.68913673	1490.10005688	396902275.0	496.585	
7111.4	381790.0	7827.0	1275348.0	339.0	827601.738654	1058431.77363	13299.1783551	945.622042025	1531.55323014	396575827.0	496.482	
7111.45	381689.0	7712.0	1274195.0	343.0	860184.116864	1097927.09818	13585.2454297	951.280444769	1586.16355171	396486639.0	496.395	
7111.5	381616.0	7745.0	1271112.0	341.0	881908.266998	1124540.66284	13988.2070632	1014.98647873	1636.94008825	396578854.0	496.293	
7111.55	381583.0	7754.0	1268818.0	336.0	910670.338935	1160080.97584	14253.0548112	1026.89826453	1648.68987424	396393546.0	496.189	
7111.6	381518.0	7479.0	1267328.0	338.0	940040.062982	1195483.8573	14719.0013196	1072.39785983	1727.57739297	396084028.0	496.086	
7111.65	381457.0	7330.0	1265647.0	341.0	962995.872428	1224460.11997	15140.9792278	1089.29418065	1683.26383985	396626368.0	495.983	
7111.7	381454.0	7303.0	1264796.0	337.0	988397.235202	1255533.01204	15546.7284369	1148.45729802	1738.97239545	396345036.0	495.88	
7111.75	381284.0	7303.0	1263013.0	340.0	1012947.69377	1287013.28659	15774.1800579	1234.03449433	1881.03467678	396421481.0	495.794	
7111.8	381349.0	7343.0	1261562.0	343.0	1035395.51957	1314055.87274	15982.6620525	1167.94756301	1874.61376209	396423382.0	495.692	
7111.85	381192.0	7535.0	1260356.0	334.0	1059847.05913	1344769.1693	16498.6896641	1233.68485377	1966.51474555	396410306.0	495.589	
7111.9	381076.0	7573.0	1259108.0	342.0	1089167.57764	1379096.55569	16833.893368	1250.16181068	2000.89242503	396259820.0	495.485	
7111.95	380927.0	7650.0	1258787.0	337.0	1112009.01331	1409898.6462	17263.5079475	1264.21476275	1950.23096762	397121736.0	495.382	
7112.0	380852.0	7600.0	1256792.0	335.0	1134365.64014	1437502.49086	17521.9924298	1296.55335104	1961.23539549	395623908.0	495.279	
7112.05	380874.0	7428.0	1255433.0	338.0	1160285.7948	1469634.23627	17948.4359834	1304.51229235	2024.06050234	395858837.0	495.192	
7112.1	380852.0	7407.0	1253997.0	337.0	1189385.83809	1505256.80289	18672.3585166	1318.96014298	2062.79848589	396473680.0	495.091	
7112.15	381738.0	7359.0	1251853.0	343.0	1218563.00315	1543637.51781	19251.721816	1394.25143644	2113.69367917	396624702.0	497.938	
7112.2	383880.0	7341.0	1253569.0	344.0	1249930.51248	1582869.34754	19890.7126934	1446.38442668	2109.44365981	396833244.0	500.05	
7112.25	383822.0	7350.0	1253489.0	343.0	1281921.77319	1622063.50803	20481.7466867	1495.49261522	2207.53043915	396940535.0	499.963	
7112.3	383783.0	7356.0	1251601.0	339.0	1311082.90183	1657089.85609	20510.4878713	1455.96177239	2317.37024036	396795022.0	499.859	
7112.35	383677.0	7306.0	1249886.0	345.0	1332185.90399	1684382.57221	20963.7470107	1499.31880797	2329.66144076	396324857.0	499.754	
7112.4	383529.0	7197.0	1248175.0	337.0	1355999.94929	1714093.5092	21385.6931976	1467.86587959	2385.81699087	396498627.0	499.648	
7112.45	383403.0	7321.0	1245410.0	340.0	1382660.81718	1747323.59314	21750.7871614	1517.97012449	2320.34106538	396594967.0	499.543	
7112.5	383241.0	7324.0	1243152.0	344.0	1401938.30291	1773768.77791	22659.6272641	1592.42565364	2385.9576292	396765441.0	499.455	
7112.55	383158.0	7309.0	1241511.0	339.0	1421717.00643	1796590.69655	22812.3294027	1546.72595254	2408.64194136	396424422.0	499.351	
7112.6	383127.0	7293.0	1239674.0	342.0	1445387.49818	1826097.51475	23234.2273621	1590.28148249	2419.80668822	396957722.0	499.245	
7112.65	383048.0	7525.0	1238090.0	341.0	1459761.08055	1844469.12336	23362.1218601	1735.62553197	2553.97189494	396628294.0	499.141	
7112.7	383004.0	7508.0	1236292.0	343.0	1478300.10409	1868141.64678	23668.0939019	1647.83318617	2574.53754494	396865057.0	499.038	
7112.75	382944.0	7522.0	1234641.0	337.0	1497442.06633	1891377.25559	24213.7331025	1690.30731615	2583.40149403	396773180.0	498.951	
7112.8	382830.0	7733.0	1233480.0	341.0	1513614.17802	1911145.39212	24531.8063672	1665.85974144	2607.15136234	396417742.0	498.847	
7112.85	382744.0	7514.0	1231130.0	341.0	1530358.7001	1932271.12005	24671.3353211	1654.17936701	2555.18378413	396789164.0	498.741	
7112.9	382620.0	7536.0	1227472.0	343.0	1547866.09993	1956153.76795	25350.1543	1774.54320289	2598.63112973	396788844.0	498.635	
7112.95	382537.0	7519.0	1224119.0	335.0	1560396.96557	1971663.67261	25132.6545289	1763.84674427	2661.98194309	396475644.0	498.533	
7113.0	382377.0	7486.0	1221678.0	342.0	1580316.78356	1996159.79942	25832.421637	1729.73376037	2655.7200636	396809943.0	498.445	
