#Scan complete at Sat Jun 25 01:42:25
#MONOKB: 7119.999873	TABLE: 194.402095	HORZ: 64.362000	VERT: 25.203000	TUNE: 5.341421	
#XAXIS: -2.297920	YAXIS: 1.296950	ZAXIS: 1.998595	PHI: -20.000000	DETECTOR: 3.000000	
#SRSI0: 3.000000	SRSI1: 3.000000	MONO: 7119.999873	MONVTRAN: 4.059246	SVGAP: 0.250074	
#SVTRANS: 5.250000	SHGAP: 0.250074	SHTRANS: -0.700000	MONVGAP: 2.000254	
# Scan of MONO	FF1
#MONO	I0	I1	I2	Lytle	FF1	ICR1	SCA2.1	SCA3.1	SCA4.1	TIME1	SPEAR	
7110.0	378180.0	10464.0	1310877.0	342.0	430328.163068	564087.143077	8147.91218258	506.113255161	832.275130709	397002053.0	498.547	
7110.05	378262.0	10544.0	1408258.0	344.0	432816.288761	567456.525487	8159.51471625	520.515476948	760.83205275	396357153.0	498.445	
7110.1	378422.0	10571.0	1441971.0	342.0	441643.822706	577896.292427	8419.43415527	569.820756317	825.575135274	396814915.0	498.342	
7110.15	379174.0	10499.0	1453499.0	339.0	449621.254829	587659.006735	8345.10148949	575.171331505	828.983591672	396389314.0	498.239	
7110.2	379156.0	10465.0	1457232.0	343.0	459302.630281	600311.00562	8544.56991517	549.842306105	876.471162059	396916046.0	498.134	
7110.25	379144.0	10462.0	1458028.0	342.0	471802.946657	615277.616546	8561.806025	602.410188189	855.463447514	397088318.0	498.046	
7110.3	379163.0	10401.0	1458294.0	337.0	483288.427331	629033.337557	8863.77477868	594.540230327	874.384166325	396975270.0	497.944	
7110.35	378355.0	10483.0	1458856.0	341.0	496409.081871	645814.517818	8967.44810441	582.648195299	933.46805937	396328291.0	497.839	
7110.4	378235.0	10552.0	1458657.0	345.0	510727.462684	663370.885784	9108.87877163	603.56329927	980.277127215	396785991.0	497.736	
7110.45	378679.0	10702.0	1457936.0	340.0	524188.698833	679666.042383	9259.41530547	604.969008865	935.699095206	397006446.0	497.649	
7110.5	378898.0	10485.0	1455628.0	341.0	540842.745301	699533.165704	9464.03364031	652.727420615	1022.77761183	396982787.0	497.545	
7110.55	378783.0	10459.0	1452992.0	340.0	558354.92946	721966.661812	9646.65917057	626.580144505	1001.08781708	396408875.0	497.442	
7110.6	378753.0	10464.0	1451786.0	336.0	577448.90979	744682.350853	9919.74304023	714.658119996	1083.31461417	396696598.0	497.34	
7110.65	378675.0	10482.0	1450808.0	343.0	596915.802283	769077.508704	10012.6747999	725.645775081	1074.03820687	396820111.0	497.235	
7110.7	378715.0	10377.0	1449565.0	342.0	620067.682757	797227.188157	10366.1224574	734.688352545	1073.14029023	397114997.0	497.15	
7110.75	378501.0	10187.0	1448318.0	340.0	638240.764767	819346.42227	10494.2010868	741.544767277	1128.8418254	396779600.0	497.047	
7110.8	378505.0	10168.0	1446796.0	339.0	659006.857301	846246.517677	11142.0786194	786.779421861	1178.61831921	396905267.0	496.944	
7110.85	378412.0	10134.0	1444912.0	341.0	685042.556921	878249.485298	11204.7845541	816.756745493	1214.26573189	396896338.0	496.841	
7110.9	378383.0	10191.0	1443157.0	338.0	701894.34479	897690.019835	11493.5399687	793.586769068	1212.13644884	396442142.0	496.754	
7110.95	378290.0	10146.0	1442160.0	339.0	725897.55384	927534.876469	11740.3630974	833.929846305	1270.60206682	396516659.0	496.652	
7111.0	378277.0	10125.0	1441166.0	337.0	751730.176498	959064.336947	11984.9395511	811.042179137	1266.92888418	397017104.0	496.548	
7111.05	378294.0	10109.0	1439441.0	342.0	773799.205748	985575.289349	12296.2066886	879.488574449	1328.5891231	396674340.0	496.446	
7111.1	378232.0	10135.0	1437594.0	344.0	798569.640245	1017024.28696	12655.4685231	902.475013123	1341.74197453	396254122.0	496.361	
7111.15	378223.0	10132.0	1434709.0	343.0	827202.794956	1052966.96286	13028.0057234	940.176107088	1372.74050226	396894005.0	496.257	
7111.2	378207.0	10163.0	1432586.0	342.0	854313.088084	1086363.81291	13371.1799701	939.353834443	1494.61632325	396610292.0	496.155	
7111.25	378174.0	10296.0	1430686.0	340.0	882815.177169	1121463.32646	13623.4329458	1058.72938812	1523.81781626	396852378.0	496.053	
7111.3	378093.0	10143.0	1429025.0	345.0	915386.769713	1162137.64409	14348.375256	1071.99301489	1624.73941319	396429323.0	495.949	
7111.35	377363.0	10233.0	1426737.0	342.0	942877.411356	1194988.6544	14674.6290667	1070.19973408	1640.4138921	396722966.0	495.862	
7111.4	377195.0	10182.0	1424986.0	341.0	970060.755854	1229335.11801	15040.254977	1061.25752246	1627.05159229	395910116.0	495.759	
7111.45	377205.0	10319.0	1422565.0	342.0	1002736.39925	1270089.13496	15569.3472669	1076.50314661	1638.93398981	396870214.0	495.655	
7111.5	377141.0	10312.0	1420960.0	341.0	1026357.64682	1299395.15767	15897.5341807	1117.7213704	1744.99249729	396998018.0	495.552	
7111.55	377207.0	10126.0	1420316.0	341.0	1054398.18023	1333472.6342	16264.316418	1196.21559969	1714.75134864	396609486.0	495.451	
7111.6	377156.0	10058.0	1418428.0	342.0	1082459.3958	1369021.45241	16867.6823076	1204.23135484	1784.71097373	396570240.0	495.349	
7111.65	377039.0	10076.0	1416613.0	341.0	1105864.74934	1397483.70648	17028.0301835	1258.32251341	1683.04598141	397081155.0	495.248	
7111.7	377098.0	10051.0	1415627.0	343.0	1128353.73559	1425099.7095	17482.7300134	1293.56759673	1885.87982418	396906919.0	495.161	
7111.75	377010.0	10017.0	1414876.0	342.0	1150731.6476	1453088.73821	17838.5679762	1307.76632142	1850.99233186	396556146.0	495.059	
7111.8	378855.0	10126.0	1414335.0	338.0	1176156.70483	1485245.27819	18268.5877954	1306.26234266	1907.43989808	396453068.0	499.722	
7111.85	380235.0	10107.0	1415394.0	342.0	1203627.33477	1519274.69713	18662.3044917	1339.8468693	1965.17952065	396549405.0	500.003	
7111.9	380138.0	10017.0	1415145.0	336.0	1227424.65181	1548999.30268	19122.1415869	1409.4474566	1935.59865646	396532636.0	499.899	
7111.95	380143.0	10097.0	1413137.0	336.0	1243720.89582	1569769.03573	19491.9701219	1360.74612663	2039.5233188	395857448.0	499.813	
7112.0	380113.0	10035.0	1411226.0	343.0	1269834.41408	1601975.30457	19799.7911151	1452.76573862	2037.49329764	396974307.0	499.708	
7112.05	380174.0	9996.0	1409737.0	341.0	1289419.40489	1625714.01105	20329.1813898	1407.3802609	1986.32532277	396250645.0	499.605	
7112.1	380036.0	9996.0	1407539.0	341.0	1311874.55193	1654968.00609	20934.5090175	1469.706277	2174.14065813	396836989.0	499.501	
7112.15	379906.0	10075.0	1405010.0	336.0	1333410.37056	1682166.80259	21255.32328	1528.00685152	2207.59591275	396450684.0	499.396	
7112.2	379864.0	10068.0	1403228.0	342.0	1352341.83598	1707417.56745	21461.3292461	1569.08896108	2132.76304594	396507854.0	499.31	
7112.25	379730.0	9977.0	1400488.0	339.0	1375906.8394	1734823.57095	21604.9637756	1547.18865377	2131.80111394	396653974.0	499.206	
7112.3	379569.0	9914.0	1398045.0	339.0	1399436.75116	1763538.53607	22202.5110821	1550.05943534	2199.66940616	396472873.0	499.102	
7112.35	379517.0	9997.0	1395307.0	342.0	1414610.33012	1784951.56503	22802.0898694	1550.17736351	2293.61882573	396903052.0	499.015	
7112.4	379388.0	9960.0	1392352.0	342.0	1438684.97712	1812908.26051	23016.1501407	1636.72310272	2186.59333146	396914851.0	498.911	
7112.45	379390.0	10011.0	1390272.0	339.0	1455515.09168	1834085.91794	23168.8166604	1580.20509863	2418.68127341	396358502.0	498.806	
7112.5	379566.0	9853.0	1387580.0	342.0	1474080.02682	1856679.46654	23417.7852233	1572.87646421	2343.17711289	396804969.0	498.702	
7112.55	379945.0	10111.0	1384585.0	342.0	1490749.51261	1877415.28153	23677.4060569	1682.93704715	2433.42145014	396713208.0	498.598	
7112.6	379944.0	9985.0	1381726.0	339.0	1503265.69146	1894410.21291	24217.7020594	1674.42200571	2455.60344338	396539130.0	498.511	
7112.65	379856.0	9982.0	1378333.0	341.0	1517048.67623	1911989.2984	24220.1230969	1650.61243986	2394.52007114	397081022.0	498.409	
7112.7	379919.0	9983.0	1375300.0	340.0	1528081.05119	1926501.706	24736.0136274	1725.09097131	2378.87779346	396531317.0	498.305	
7112.75	380057.0	10031.0	1371903.0	342.0	1545944.37895	1946522.09826	24746.2086638	1727.40865853	2516.61848939	396897916.0	498.201	
7112.8	380000.0	10000.0	1368920.0	341.0	1558421.82457	1962865.16702	25087.7779405	1681.01724552	2432.93755585	396801822.0	498.097	
7112.85	380093.0	9965.0	1366198.0	343.0	1569455.30561	1977100.95963	25100.7079775	1714.5321871	2520.98931924	396374733.0	498.011	
7112.9	379909.0	9968.0	1363542.0	343.0	1585798.76772	1997656.22174	25360.0223746	1787.31898306	2566.29577954	396400316.0	497.907	
7112.95	379813.0	9939.0	1359975.0	338.0	1598343.36199	2011320.14869	25832.9248935	1674.42639671	2473.21545991	396975510.0	497.804	
7113.0	379780.0	10023.0	1357099.0	345.0	1610116.87607	2027612.904	26085.2434171	1820.75713923	2624.44648921	396632545.0	497.7	
