#Scan complete at Fri Jun 24 22:37:18
#MONOKB: 7200.000285	TABLE: 194.402095	HORZ: 64.362000	VERT: 25.203000	TUNE: 5.341421	
#XAXIS: -1.470820	YAXIS: 0.819900	ZAXIS: 5.370065	PHI: -20.000000	DETECTOR: 3.000000	
#SRSI0: 3.000000	SRSI1: 3.000000	MONO: 7200.000285	MONVTRAN: 4.059246	SVGAP: 0.250074	
#SVTRANS: 5.250000	SHGAP: 0.250074	SHTRANS: -0.700000	MONVGAP: 2.000254	
# Scan of MONO	FF1
#MONO	I0	I1	I2	Lytle	FF1	ICR1	SCA2.1	SCA3.1	SCA4.1	TIME1	SPEAR	
7110.0	382201.0	12699.0	1193308.0	344.0	544109.523924	703119.66419	9052.12866794	661.04698847	982.831914429	396900737.0	498.607	
7110.05	381935.0	12552.0	1344706.0	342.0	547690.154431	707027.026796	9331.26346142	665.270243476	1011.78658359	396711947.0	498.504	
7110.1	381566.0	12527.0	1398854.0	341.0	558832.663797	721284.698369	9412.62680594	657.41267122	1033.95889605	396726616.0	498.402	
7110.15	382135.0	12498.0	1418053.0	341.0	569798.017811	735355.127149	9372.71071331	634.112004327	1076.75512423	396497328.0	498.298	
7110.2	381069.0	12534.0	1424743.0	344.0	582967.66525	751185.158041	9712.60831997	754.017317872	1065.10096541	396054817.0	498.213	
7110.25	381115.0	12548.0	1425891.0	339.0	601187.705696	773591.322632	9815.81865127	735.07811137	1073.2346619	396360847.0	498.11	
7110.3	381718.0	12510.0	1425675.0	334.0	614659.409578	790013.713948	10054.0772974	706.6532884	1086.28600392	396632762.0	498.006	
7110.35	381671.0	12559.0	1425583.0	338.0	635096.293165	815250.628913	10284.7261008	755.865412225	1133.79811834	397039327.0	497.905	
7110.4	381569.0	12557.0	1424789.0	341.0	655865.225	840564.570588	10477.3213521	699.797410752	1193.89366236	396545621.0	497.818	
7110.45	381581.0	12543.0	1424436.0	340.0	674432.480261	864103.875134	10843.6345844	769.741831008	1239.4498838	396926705.0	497.715	
7110.5	381454.0	12473.0	1422929.0	340.0	699381.58126	893911.57258	11245.2459535	869.082659818	1255.45671478	396475264.0	497.613	
7110.55	381388.0	12514.0	1421736.0	340.0	725319.512675	926674.606477	11598.3002886	878.454828262	1341.0178193	397065758.0	497.509	
7110.6	381364.0	12507.0	1421178.0	340.0	748752.578351	954399.20789	11638.1784571	869.047673174	1325.89471761	396868194.0	497.406	
7110.65	381294.0	12498.0	1419779.0	340.0	774995.251794	988229.908807	12211.5674884	902.481105144	1259.10670314	396353601.0	497.321	
7110.7	381354.0	12456.0	1418475.0	344.0	803408.892367	1023355.99143	12865.5618706	894.352807866	1419.09531679	396442058.0	497.218	
7110.75	380501.0	12470.0	1417248.0	339.0	832502.440152	1057307.82412	12788.3713892	876.744137797	1414.67514268	396876509.0	497.116	
7110.8	380202.0	12529.0	1415203.0	336.0	860607.048161	1092803.80279	13077.9381773	987.605134166	1483.49566136	396694998.0	497.03	
7110.85	380429.0	12557.0	1412348.0	342.0	888536.630726	1126924.06784	13572.123982	1002.51612869	1545.06656746	396754660.0	496.928	
7110.9	380428.0	12529.0	1410296.0	340.0	910127.799246	1155083.63843	14080.0212163	1072.69375255	1534.21369876	396803446.0	496.824	
7110.95	380353.0	12546.0	1408624.0	341.0	938522.095958	1190177.29799	14629.497639	1101.40415606	1588.70475793	396957752.0	496.721	
7111.0	380355.0	12497.0	1407613.0	341.0	967190.071694	1225295.54895	14922.6015877	1078.86872721	1615.15464122	396366467.0	496.62	
7111.05	379537.0	12524.0	1406017.0	336.0	991444.207818	1254976.02782	15371.3664986	1089.62383342	1693.80291174	396097230.0	496.534	
7111.1	379774.0	12506.0	1404499.0	341.0	1023475.10093	1295355.37343	15728.3827681	1136.53508561	1698.48854461	396642892.0	496.43	
7111.15	379823.0	12454.0	1402456.0	340.0	1054493.18134	1332437.37562	16026.2703879	1183.50112748	1748.37789002	396716899.0	496.328	
7111.2	379746.0	12543.0	1400351.0	337.0	1080175.16755	1366883.80176	16712.2639717	1197.80371355	1814.11857586	396516912.0	496.224	
7111.25	379742.0	12451.0	1398536.0	336.0	1113052.08417	1405302.77325	16887.6926253	1205.88630612	1841.06393098	396956021.0	496.14	
7111.3	379660.0	12544.0	1396639.0	343.0	1146348.32195	1446548.53698	17648.2288537	1259.75600359	1936.21321896	396730157.0	496.039	
7111.35	379649.0	12487.0	1393831.0	342.0	1169595.11488	1476702.13083	18348.8178848	1348.180242	1936.41926268	396635568.0	495.936	
7111.4	379420.0	12532.0	1391893.0	339.0	1195840.76284	1509669.1342	18666.1075504	1360.58391401	1922.01050568	396444710.0	495.834	
7111.45	379043.0	12446.0	1389879.0	337.0	1224600.63808	1545175.14841	18837.2466662	1336.93970697	1996.90755914	396651483.0	495.748	
7111.5	378960.0	12452.0	1387926.0	340.0	1247960.98865	1574905.84317	19325.1958265	1397.01492706	2057.7508522	396700649.0	495.646	
7111.55	378763.0	12493.0	1385294.0	340.0	1274291.89904	1606899.24406	19855.3977385	1369.99900696	2081.63146159	396759371.0	495.544	
7111.6	378679.0	12304.0	1381927.0	339.0	1298180.12755	1636948.35901	20132.8342666	1486.73893985	2126.65526977	397059447.0	495.442	
7111.65	378689.0	12469.0	1379232.0	334.0	1314110.46195	1656379.98719	20688.2062317	1517.91080241	2040.96023502	396458004.0	495.357	
7111.7	378556.0	12433.0	1377381.0	342.0	1335239.3349	1682441.02314	20912.4847036	1523.74447843	2084.73034882	396458625.0	495.255	
7111.75	378302.0	12473.0	1374745.0	343.0	1355550.53147	1707658.00158	21313.8624869	1496.21624864	2143.25758561	397102413.0	495.152	
7111.8	378391.0	12480.0	1373320.0	340.0	1367197.69384	1723302.68257	21428.3338586	1544.35549685	2137.26814083	396607408.0	495.049	
7111.85	378933.0	12518.0	1371179.0	336.0	1388895.78753	1749688.60245	21912.1661194	1645.58192732	2187.68118202	396655624.0	497.587	
7111.9	381552.0	12443.0	1373273.0	343.0	1417329.64071	1786396.36693	22688.3459238	1548.1030437	2203.60613427	396947494.0	500.079	
7111.95	381015.0	12494.0	1374243.0	341.0	1432068.25369	1803767.64974	22844.8313551	1553.62461676	2412.57395568	396341065.0	499.976	
7112.0	381456.0	12521.0	1372778.0	343.0	1449405.14238	1826872.28693	22954.919798	1607.55360068	2358.67657319	396838542.0	499.873	
7112.05	381160.0	12723.0	1370720.0	343.0	1468347.88196	1850131.14126	23785.9461932	1575.83372555	2347.07794481	396319193.0	499.769	
7112.1	381399.0	12742.0	1368561.0	343.0	1485753.68271	1869624.31901	23978.3521885	1609.17702212	2449.82401495	396860335.0	499.683	
7112.15	381336.0	12714.0	1366609.0	339.0	1499785.62688	1889900.57527	24308.403627	1634.27797829	2312.98274185	396483361.0	499.578	
7112.2	381222.0	12689.0	1363453.0	340.0	1516071.15193	1911423.5281	24584.4422015	1790.91963057	2396.87798842	396506414.0	499.474	
7112.25	381184.0	12706.0	1360924.0	341.0	1532533.68564	1931509.2921	24695.279001	1723.10208689	2396.37428615	397033711.0	499.371	
7112.3	381127.0	12727.0	1358592.0	339.0	1553029.11159	1954540.12832	24649.4385525	1729.12198758	2482.98029322	396621375.0	499.284	
7112.35	380998.0	12704.0	1355175.0	340.0	1562427.76838	1969768.62637	25368.6690694	1778.6271367	2492.88748746	397089730.0	499.181	
7112.4	380930.0	12720.0	1351671.0	340.0	1577602.59017	1986220.65395	25430.4644799	1689.1642081	2566.18864649	396448573.0	499.077	
7112.45	380911.0	12731.0	1347883.0	335.0	1595048.06725	2009062.58771	26277.3774427	1762.07144233	2492.66003174	396593124.0	498.973	
7112.5	380796.0	12751.0	1344931.0	343.0	1608757.32377	2024011.33546	26442.1660566	1725.12472983	2578.48209775	396824142.0	498.869	
7112.55	380700.0	12778.0	1342011.0	340.0	1620357.57	2040388.32729	26413.2075173	1783.782857	2591.14508571	396512123.0	498.782	
7112.6	380591.0	12940.0	1339287.0	343.0	1629619.125	2052914.88059	26840.6529375	1718.40024664	2711.49464785	396864124.0	498.679	
7112.65	380448.0	12678.0	1336582.0	340.0	1640493.00065	2066158.48441	26863.6651794	1774.71152615	2717.39142604	396606417.0	498.574	
7112.7	380386.0	12475.0	1333630.0	342.0	1652960.63796	2081389.79255	27170.8821847	1802.85364554	2725.44581815	396765486.0	498.471	
7112.75	379674.0	12439.0	1330803.0	335.0	1661002.80681	2091438.20975	27423.7989911	1851.56525085	2614.9965537	396188713.0	498.368	
7112.8	380290.0	12407.0	1327565.0	345.0	1669442.72741	2102757.87162	27735.8047169	1833.98771397	2677.1005493	396017000.0	498.281	
7112.85	380227.0	12410.0	1325833.0	339.0	1682207.9477	2118939.54814	28039.5349932	1865.46125105	2671.00133673	396367986.0	498.178	
7112.9	380045.0	12430.0	1322841.0	343.0	1698172.37957	2139410.8893	28373.2385956	1798.21192388	2790.32884739	396925911.0	498.076	
7112.95	380061.0	12397.0	1319148.0	344.0	1706413.01706	2148614.15505	28173.9279138	1870.78886294	2683.74946831	396669885.0	497.973	
7113.0	380020.0	12526.0	1316241.0	339.0	1716884.55641	2163279.5364	28582.7818993	1963.37838176	2665.75167973	396576470.0	497.885	
