#Scan complete at Sat Jun 25 07:36:30
#MONOKB: 7119.999873	TABLE: 194.384322	HORZ: 64.362000	VERT: 25.203000	TUNE: 5.341421	
#XAXIS: -2.281570	YAXIS: 1.280600	ZAXIS: 2.062030	PHI: -20.000000	DETECTOR: 3.000000	
#SRSI0: 3.000000	SRSI1: 3.000000	MONO: 7119.999873	MONVTRAN: 4.059246	SVGAP: 0.250074	
#SVTRANS: 5.250000	SHGAP: 0.250074	SHTRANS: -0.700000	MONVGAP: 2.000254	
# Scan of MONO	FF1
#MONO	I0	I1	I2	Lytle	FF1	ICR1	SCA2.1	SCA3.1	SCA4.1	TIME1	SPEAR	
7110.0	379653.0	10274.0	1305595.0	344.0	468110.051516	613482.719494	9076.54594332	579.833521887	944.534464982	396985078.0	497.503	
7110.05	379622.0	10309.0	1402404.0	345.0	471042.204159	616337.391185	8844.20826185	593.234080585	940.568024141	396533097.0	497.4	
7110.1	379536.0	10358.0	1437968.0	338.0	480511.790446	629161.761492	9301.70301485	572.002455619	910.283477759	396661479.0	497.297	
7110.15	379456.0	10348.0	1450333.0	342.0	490727.0234	641234.73476	9320.53566818	619.454615271	936.361032686	396574066.0	497.194	
7110.2	379508.0	10351.0	1454228.0	341.0	502768.851602	655596.891712	9462.40898029	584.922797827	926.6408534	396382850.0	497.091	
7110.25	379440.0	10291.0	1454131.0	342.0	514488.769902	670692.572812	9510.30421117	626.353440813	934.396116623	396122456.0	497.007	
7110.3	379071.0	10299.0	1452528.0	342.0	527325.246719	685230.180562	9636.54020894	627.710668194	973.927517918	396813645.0	496.903	
7110.35	378521.0	10315.0	1451797.0	343.0	541164.59223	702726.970406	9941.3964275	673.383108585	1037.31840696	396699190.0	496.802	
7110.4	378329.0	10128.0	1450881.0	339.0	558607.136099	723535.224676	10146.2415368	662.628490997	1090.66180195	396457355.0	496.698	
7110.45	378442.0	10284.0	1449584.0	341.0	572928.01276	741963.734676	10356.2916764	741.353152417	1081.14001394	396676687.0	496.612	
7110.5	378403.0	10212.0	1448861.0	340.0	592251.680358	765204.324473	10416.3262939	709.056346119	1038.84999548	396613301.0	496.511	
7110.55	378310.0	10247.0	1447084.0	341.0	612085.27714	788859.389663	10637.6954013	723.140465118	1099.66866735	396385032.0	496.409	
7110.6	377912.0	10280.0	1445444.0	341.0	631306.315864	812366.862369	10579.3529627	764.07585325	1159.53673405	396455917.0	496.307	
7110.65	377446.0	10237.0	1444306.0	342.0	653558.751655	839991.33479	11091.8604008	715.270468491	1210.37820607	396820963.0	496.204	
7110.7	377337.0	10261.0	1441940.0	341.0	678821.524167	870908.3911	11318.3317196	755.452332022	1264.60650648	397048403.0	496.119	
7110.75	377238.0	10280.0	1439812.0	343.0	698038.373104	895851.203571	11907.4983251	796.595581729	1228.5596358	397021893.0	496.016	
7110.8	377137.0	10343.0	1437281.0	342.0	723191.740606	926997.561155	12131.6220098	840.096933226	1293.33441449	397007586.0	495.915	
7110.85	377202.0	10465.0	1436082.0	343.0	749240.041329	957442.749128	12340.6563289	875.393241777	1267.91832528	396739872.0	495.813	
7110.9	377471.0	10472.0	1435424.0	343.0	768245.785138	980751.850086	12492.6210785	909.480276539	1414.63160728	396481737.0	495.727	
7110.95	377738.0	10334.0	1433670.0	343.0	794838.839009	1014293.47491	12930.2671089	866.944019774	1407.09281481	396781070.0	495.623	
7111.0	377608.0	10303.0	1433049.0	341.0	821881.208519	1048488.87078	13427.2313893	938.989093587	1427.76366062	396670280.0	495.52	
7111.05	377507.0	10251.0	1430807.0	345.0	845743.034201	1077344.53641	13768.5358439	947.323675551	1488.80053415	397034246.0	495.419	
7111.1	377509.0	10270.0	1428295.0	342.0	872302.430894	1110610.51714	13999.0282044	979.931974306	1513.77551255	396776258.0	495.334	
7111.15	377417.0	10257.0	1427121.0	340.0	904518.843101	1149433.3419	14344.3552811	1008.60382866	1554.75652427	397045847.0	495.233	
7111.2	377364.0	10130.0	1426016.0	339.0	931122.149514	1182681.77103	14930.7011465	1056.07653889	1621.83182757	396595026.0	495.175	
7111.25	379497.0	10055.0	1426480.0	341.0	967929.92067	1227952.46211	15622.3867995	1153.44327126	1645.67702396	396795268.0	500.164	
7111.3	380417.0	10259.0	1428827.0	344.0	1005813.45848	1275545.50322	15871.0934137	1157.68344034	1680.27078806	396970742.0	500.077	
7111.35	380191.0	10244.0	1428862.0	338.0	1032191.81845	1307534.94881	15992.625093	1134.96049047	1741.39578037	396746024.0	499.973	
7111.4	380137.0	10265.0	1427198.0	342.0	1065358.44929	1348114.97313	16943.7437215	1200.02367159	1649.24167168	396889315.0	499.869	
7111.45	380068.0	10303.0	1424724.0	341.0	1095687.37579	1387719.99411	17436.8243751	1224.06295886	1897.87846166	396958137.0	499.766	
7111.5	380030.0	10177.0	1422153.0	339.0	1118675.6211	1415699.30219	18122.047681	1222.3051006	1847.2032965	396575111.0	499.679	
7111.55	379985.0	10291.0	1419619.0	343.0	1148614.71327	1451637.36752	18304.0010156	1278.08221832	1834.00033316	396339888.0	499.575	
7111.6	379439.0	10215.0	1417501.0	341.0	1176766.24794	1487450.33728	18576.6465583	1274.56642292	1884.27997797	396439410.0	499.471	
7111.65	379101.0	10259.0	1415944.0	343.0	1197202.19277	1514091.45127	18976.3518925	1325.80765865	1934.04447883	396375478.0	499.366	
7111.7	379001.0	10280.0	1415431.0	339.0	1221798.21097	1542982.54648	19443.3221219	1345.53655878	2074.63456772	395632153.0	499.281	
7111.75	378909.0	10266.0	1413877.0	338.0	1243051.37207	1569746.88787	19596.8804558	1323.40911389	2071.28419996	396328993.0	499.176	
7111.8	378761.0	10221.0	1412051.0	342.0	1264993.34643	1599286.05626	20239.2375381	1386.55549985	2141.59993103	397099743.0	499.073	
7111.85	378739.0	10248.0	1411066.0	339.0	1284273.75398	1622259.29862	20592.2402455	1462.57460355	2107.51457086	396450960.0	498.969	
7111.9	378579.0	10238.0	1409284.0	342.0	1311408.78961	1654886.65488	20642.8284163	1447.34619092	2130.45943738	396582764.0	498.865	
7111.95	378523.0	10249.0	1406461.0	342.0	1329323.03317	1677986.3354	21543.0182851	1444.4634359	2164.55837362	396281445.0	498.761	
7112.0	378440.0	10226.0	1403335.0	342.0	1351842.47716	1705893.29227	21933.1880304	1481.32176438	2187.22238856	396389558.0	498.675	
7112.05	378291.0	10247.0	1400450.0	341.0	1370081.89009	1729556.9057	22203.9223562	1555.48426708	2149.63001259	396450045.0	498.572	
7112.1	378224.0	10203.0	1398185.0	344.0	1394507.61672	1759471.03808	22308.6493705	1594.77637585	2304.28038177	396644959.0	498.469	
7112.15	378173.0	10074.0	1395743.0	342.0	1417446.00489	1788730.95182	22984.9497456	1561.08396956	2291.73564191	397087067.0	498.366	
7112.2	378692.0	10027.0	1393396.0	340.0	1433573.77821	1809062.81958	23098.3772719	1588.21478313	2374.26834719	396698367.0	498.263	
7112.25	378667.0	9992.0	1390776.0	341.0	1454337.0952	1833843.31362	23484.931139	1605.00788202	2340.32294652	396032970.0	498.159	
7112.3	378599.0	10048.0	1388232.0	339.0	1478093.9864	1864100.39799	24284.7360848	1648.75761941	2419.32580185	396499047.0	498.073	
7112.35	378545.0	10017.0	1385720.0	342.0	1492699.01992	1881364.18192	24476.7967216	1645.71615729	2484.72982648	396027950.0	497.97	
7112.4	378500.0	10031.0	1382987.0	342.0	1513238.20569	1907386.61072	24537.9839602	1703.35286925	2453.69058887	396392018.0	497.866	
7112.45	378478.0	10028.0	1380341.0	336.0	1532078.75945	1931277.91954	24922.8337305	1725.47675507	2562.85634352	396340289.0	497.763	
7112.5	378154.0	10026.0	1377670.0	339.0	1548321.29498	1951298.7579	25349.6904068	1723.45498995	2424.28349151	396767809.0	497.677	
7112.55	377573.0	9985.0	1374661.0	345.0	1565379.89013	1972524.0789	25873.9405857	1729.25250364	2482.55812554	396670124.0	497.574	
7112.6	377327.0	10025.0	1372056.0	339.0	1581080.1719	1991651.23972	26041.1168959	1727.20590094	2476.70727185	396976987.0	497.471	
7112.65	377880.0	10010.0	1369737.0	343.0	1592585.18485	2007274.52287	25772.6660504	1730.44270479	2470.6696029	396947216.0	497.367	
7112.7	378134.0	9984.0	1367129.0	339.0	1605519.61832	2024297.8675	26334.1958361	1745.65028735	2591.40269084	397032062.0	497.265	
7112.75	378112.0	10039.0	1364053.0	342.0	1618492.33605	2039983.4039	26881.0101576	1766.34872841	2571.5003267	396707625.0	497.179	
7112.8	377953.0	10073.0	1360495.0	339.0	1627988.429	2051877.90144	26892.8796454	1714.00639843	2561.79450948	396838694.0	497.077	
7112.85	377971.0	10221.0	1357003.0	341.0	1642715.82029	2069997.48694	26993.8540234	1835.82945486	2652.83866262	396369607.0	496.974	
7112.9	377841.0	10149.0	1353798.0	337.0	1657272.91618	2088212.71198	27671.4272718	1930.31221317	2665.30735846	396903668.0	496.872	
7112.95	377766.0	10225.0	1350168.0	342.0	1668667.94616	2102761.60538	28109.904725	1890.07010671	2605.90700345	397077988.0	496.769	
7113.0	377655.0	10096.0	1347264.0	343.0	1676047.68468	2112201.47076	28062.7185263	1898.96460725	2676.15962396	395605744.0	496.666	
7113.05	377604.0	10017.0	1343821.0	340.0	1693473.76661	2133599.57973	28305.8489144	1850.14790207	2761.62582207	396565651.0	496.579	
7113.1	377509.0	10002.0	1340891.0	342.0	1704826.19443	2147633.55852	28553.8164169	1939.35666634	2758.84912973	396483196.0	496.478	
7113.15	377373.0	9994.0	1337430.0	340.0	1715749.54425	2162027.656	28706.1922862	1887.17541944	2768.14767237	396297606.0	496.375	
7113.2	377025.0	9984.0	1328716.0	343.0	1723436.9586	2171130.96011	29173.6304722	1938.95385858	2678.58850464	396530987.0	495.589	
7113.25	376875.0	10007.0	1326260.0	337.0	1736138.17027	2186654.61358	28991.9103327	1962.8747231	2763.93686718	396892804.0	495.487	
7113.3	376827.0	9937.0	1323453.0	340.0	1737875.9305	2188915.9832	29289.0637529	1937.41312868	2688.61045319	395654521.0	495.384	
7113.35	376580.0	9890.0	1321159.0	342.0	1753971.18496	2209796.21984	29547.7189399	1898.14040299	2671.57807295	396844858.0	495.299	
7113.4	376523.0	9939.0	1318786.0	339.0	1761279.93144	2218408.26449	30011.7290932	1857.31811929	2806.71104748	396839705.0	495.198	
7113.45	376647.0	9929.0	1316436.0	342.0	1767540.63707	2226894.93511	29999.060668	1922.49884771	2744.55542484	396477375.0	495.969	
7113.5	378661.0	10184.0	1317562.0	339.0	1789966.29237	2253076.33923	30428.2849397	1955.11265873	2852.3443484	396403328.0	499.701	
7113.55	378620.0	10247.0	1315888.0	343.0	1797948.72005	2264652.4605	30348.2168809	2006.23164408	2873.22984231	396554544.0	499.597	
7113.6	378540.0	10264.0	1314740.0	340.0	1808037.12723	2278073.03135	30734.2018713	2034.43594009	2871.17975417	396996201.0	499.492	
7113.65	378495.0	10278.0	1312301.0	341.0	1819130.19517	2289812.23068	30920.4319996	1933.75817029	2909.93943113	396650529.0	499.406	
7113.7	378479.0	10266.0	1309413.0	343.0	1822533.72808	2295128.44058	31275.6975737	2097.23293148	2861.25620193	396707048.0	499.302	
7113.75	378373.0	10204.0	1305739.0	339.0	1831163.41874	2306884.93277	31577.9575406	2022.76782887	2893.42317481	396433638.0	499.199	
7113.8	378317.0	10061.0	1302184.0	338.0	1840242.91726	2318796.48818	31370.3416114	2056.37113937	2995.26835111	396893881.0	499.095	
7113.85	378989.0	9884.0	1298851.0	342.0	1844648.16833	2324320.44828	31667.0036235	2058.16344714	2960.11686406	396367395.0	498.991	
7113.9	378856.0	9721.0	1295734.0	343.0	1854777.29743	2337623.09923	31918.2706489	2197.40335911	2987.98610458	396366532.0	498.904	
7113.95	378793.0	10030.0	1292679.0	341.0	1864249.58736	2347848.35883	31863.3608717	2043.63415513	2928.87986806	396333202.0	498.8	
7114.0	378670.0	10031.0	1289096.0	340.0	1872089.52483	2358200.02018	32160.5707503	2068.25682728	2930.67054942	397066881.0	498.696	
