#Scan complete at Fri Jun 24 18:42:58
#MONOKB: 7119.999873	TABLE: 194.419867	HORZ: 64.362000	VERT: 25.203000	TUNE: 5.341421	
#XAXIS: -1.372100	YAXIS: 0.721180	ZAXIS: 5.442080	PHI: -20.000000	DETECTOR: 3.000000	
#SRSI0: 3.000000	SRSI1: 3.000000	MONO: 7119.999873	MONVTRAN: 4.059246	SVGAP: 0.250074	
#SVTRANS: 5.250000	SHGAP: 0.250074	SHTRANS: -0.700000	MONVGAP: 2.000254	
# Scan of MONO	FF1
#MONO	I0	I1	I2	Lytle	FF1	ICR1	SCA2.1	SCA3.1	SCA4.1	TIME1	SPEAR	
7110.0	379933.0	13690.0	1297591.0	333.0	433247.7668	565516.493635	7834.73148017	571.602048736	852.801625485	396363249.0	497.934	
7110.05	380115.0	13624.0	1389377.0	334.0	435345.968974	568729.70886	7862.01829761	470.412124987	913.213103508	397028324.0	497.831	
7110.1	380147.0	13715.0	1422083.0	340.0	442695.790068	577741.478794	7860.26677119	552.459202973	852.219474216	395755395.0	497.729	
7110.15	380263.0	13697.0	1433886.0	343.0	450575.796065	586889.756804	8003.19520019	583.353102827	862.748536287	396019111.0	497.628	
7110.2	379803.0	13715.0	1438111.0	337.0	463223.274237	602802.275707	8207.49569039	540.680938806	909.327033446	396866583.0	497.543	
7110.25	379863.0	13694.0	1439008.0	336.0	473672.756548	615810.939006	8355.0558575	552.222575989	901.587879166	397027805.0	497.44	
7110.3	380537.0	13707.0	1439598.0	332.0	484954.710748	628956.699343	8534.68299669	617.088537594	916.407230248	396989417.0	497.337	
7110.35	380528.0	13784.0	1438991.0	331.0	499013.784298	646104.948898	8667.65432157	605.197165648	925.233632906	396959875.0	497.235	
7110.4	380359.0	13687.0	1437808.0	337.0	513081.517603	663883.920327	8853.70185208	591.273306296	1019.33054367	396363460.0	497.149	
7110.45	380211.0	13637.0	1436152.0	338.0	527060.116554	680433.845222	8834.6492591	645.059845915	1015.86654078	396665913.0	497.048	
7110.5	380227.0	13275.0	1435425.0	337.0	543121.842035	699982.019585	9070.75678317	631.170066282	977.594027742	396553404.0	496.947	
7110.55	380245.0	13564.0	1434530.0	341.0	562131.737157	723996.916999	9301.53590329	681.152297343	1027.90203179	396639270.0	496.844	
7110.6	380233.0	13712.0	1433180.0	340.0	579321.271601	745972.659716	9671.88281877	686.876686554	1028.77032964	396925813.0	496.744	
7110.65	380273.0	13650.0	1432539.0	340.0	598782.617569	768686.318583	9771.43174418	723.580705107	1168.86113902	396663673.0	496.659	
7110.7	379677.0	13553.0	1431756.0	345.0	620938.379289	795731.626108	10192.5455828	729.513031689	1138.12287688	396628700.0	496.558	
7110.75	379464.0	13598.0	1430794.0	338.0	639661.509009	819000.74847	10353.7018051	776.656733911	1182.54250044	396640635.0	496.455	
7110.8	379354.0	13632.0	1429110.0	337.0	663532.2262	847343.627207	10378.7413231	765.119404171	1188.00296675	396600044.0	496.354	
7110.85	379308.0	13606.0	1427568.0	335.0	687785.160065	877330.101784	10711.8519924	843.656684752	1307.40907097	396664645.0	496.252	
7110.9	379194.0	13580.0	1426261.0	339.0	704498.544459	900155.843584	11226.6721782	813.301740485	1248.44407297	397090305.0	496.151	
7110.95	379140.0	13581.0	1424068.0	341.0	727988.159368	927227.510732	11326.9914851	870.1900793	1276.76279811	396901586.0	496.066	
7111.0	379173.0	13601.0	1421577.0	337.0	754976.094525	961704.12311	11710.1520877	860.994774345	1334.59382996	396792161.0	495.965	
7111.05	379065.0	13583.0	1420354.0	337.0	774268.86937	985154.64018	11962.0628504	900.247364945	1351.41059403	396862311.0	495.864	
7111.1	379125.0	13792.0	1419161.0	345.0	803336.710296	1020199.24312	12117.3519261	884.858173298	1355.39451957	396596111.0	495.763	
7111.15	379621.0	13818.0	1417698.0	333.0	832991.019257	1057759.76459	12817.507868	909.057898403	1396.94677048	397084650.0	495.678	
7111.2	379570.0	13865.0	1416388.0	336.0	858582.115569	1089973.81516	12971.0037338	965.570453383	1456.1846297	396724870.0	495.577	
7111.25	379423.0	13746.0	1414383.0	339.0	886297.490837	1123316.47766	13536.8206833	1022.2384857	1423.60819787	396703885.0	495.475	
7111.3	379468.0	13635.0	1411851.0	334.0	918699.365598	1164161.7847	13984.2021052	1071.03681617	1597.65609138	396370226.0	495.374	
7111.35	379298.0	13682.0	1409388.0	338.0	947609.423261	1198996.9513	14322.0415404	1011.69534342	1531.69626605	396419051.0	495.289	
7111.4	379319.0	13625.0	1407833.0	335.0	977656.843386	1237062.51398	14746.6806653	1098.17940879	1598.97441643	397023131.0	495.189	
7111.45	379243.0	13576.0	1405780.0	337.0	1006840.21439	1273293.90046	15465.8923911	1099.82483113	1727.54512194	396457727.0	495.088	
7111.5	380448.0	13610.0	1404762.0	341.0	1035842.8623	1310427.35916	15866.5024955	1186.64465541	1766.8054408	396996117.0	498.532	
7111.55	382456.0	13620.0	1407146.0	338.0	1074906.07741	1356739.27698	16128.6122333	1199.36115823	1771.08828906	396971843.0	500.112	
7111.6	382458.0	13589.0	1407926.0	335.0	1100898.77798	1390226.45379	16781.0628842	1225.28060337	1862.21526184	396708108.0	500.026	
7111.65	382426.0	13772.0	1407256.0	327.0	1120672.66474	1413956.38342	16929.6346339	1258.19792745	1824.91564939	396402492.0	499.923	
7111.7	382373.0	13691.0	1405503.0	339.0	1146531.87243	1447282.55421	17451.8476851	1240.73797312	1902.39431545	396721539.0	499.82	
7111.75	382323.0	13595.0	1404338.0	339.0	1169723.75071	1475041.61275	17977.8134516	1307.90129698	1916.27677871	396206884.0	499.716	
7111.8	382256.0	13580.0	1403413.0	340.0	1188305.31855	1499699.01491	18291.6741533	1325.03775765	2020.97432212	396458566.0	499.63	
7111.85	382200.0	13583.0	1402418.0	336.0	1214405.14121	1531444.21045	18852.0208155	1374.4163015	1962.84491898	396835220.0	499.527	
7111.9	381854.0	13615.0	1400872.0	339.0	1243070.36688	1566409.68746	19346.3641038	1375.19784421	2127.14283714	397055870.0	499.423	
7111.95	381472.0	13658.0	1398880.0	342.0	1259603.6396	1587670.5026	19629.3930113	1410.53992841	2021.59647099	396480001.0	499.321	
7112.0	382014.0	13814.0	1396662.0	330.0	1282948.25403	1615898.75375	19895.7182648	1405.66995508	2067.47514242	396679443.0	499.236	
7112.05	382012.0	13867.0	1396081.0	340.0	1301890.98549	1640464.88183	20351.5974605	1365.44945746	2083.37718002	396578473.0	499.133	
7112.1	381959.0	13741.0	1394234.0	341.0	1328768.53282	1672660.47751	20613.2332488	1471.7634931	2196.96480792	396960997.0	499.031	
7112.15	381882.0	13571.0	1392232.0	341.0	1350053.31013	1702208.0882	21333.1777216	1479.9557878	2272.33096032	396704930.0	498.928	
7112.2	381454.0	13590.0	1389221.0	343.0	1370518.68738	1725240.15383	21602.1706574	1591.63748724	2275.6027558	396344075.0	498.842	
7112.25	380793.0	13590.0	1386020.0	338.0	1396684.13518	1758490.77074	22007.8949026	1527.20965358	2253.83993086	396588003.0	498.739	
7112.3	380711.0	13679.0	1383059.0	340.0	1420002.89022	1786624.44952	22288.4986796	1554.6372671	2345.36719523	396643898.0	498.636	
7112.35	381171.0	13662.0	1379951.0	336.0	1439094.22673	1811823.18218	22989.9916988	1606.55024203	2236.92791053	397013630.0	498.533	
7112.4	382603.0	13677.0	1377292.0	338.0	1461293.56764	1839063.91717	23089.9685979	1587.85192379	2398.44119294	396995587.0	498.449	
7112.45	382488.0	13610.0	1374848.0	340.0	1475996.47411	1858398.8339	23673.4087897	1607.49353385	2461.81071315	396511566.0	498.346	
7112.5	382531.0	13539.0	1372036.0	337.0	1496228.88718	1882740.37374	23955.2985596	1625.01890432	2407.91402919	397077773.0	498.242	
7112.55	382242.0	13543.0	1369065.0	341.0	1513492.87106	1906198.71515	24163.4823211	1661.05751246	2478.11240827	396929337.0	498.141	
7112.6	381399.0	13553.0	1365443.0	336.0	1527795.86589	1924571.65695	24574.7810671	1661.18702675	2567.28904134	396908863.0	498.055	
7112.65	381471.0	13508.0	1362238.0	336.0	1536719.39875	1935910.00756	24511.3946859	1628.55294915	2456.3197563	396658908.0	497.956	
7112.7	381451.0	13577.0	1359240.0	336.0	1553945.55397	1955726.2495	25263.7016488	1734.65176776	2468.04438938	396475454.0	497.852	
7112.75	382060.0	13541.0	1355426.0	337.0	1567571.30083	1973242.54726	25398.3466861	1752.09464542	2602.7414597	396382969.0	497.749	
7112.8	381825.0	13570.0	1352815.0	336.0	1582363.30034	1993687.79417	26012.5509408	1770.65765271	2553.77075019	396828945.0	497.665	
7112.85	381993.0	13524.0	1350128.0	338.0	1600373.72048	2012725.21039	25703.3982864	1791.42273073	2514.48640694	396958538.0	497.562	
7112.9	381962.0	13583.0	1347683.0	341.0	1611033.48697	2027060.1253	26151.3300029	1760.02945764	2558.27051012	396710817.0	497.461	
7112.95	381751.0	13584.0	1345053.0	340.0	1626247.20017	2046503.18453	26699.111758	1769.96912682	2550.35967875	396930177.0	497.359	
7113.0	381705.0	13599.0	1342255.0	339.0	1635757.37964	2059130.7502	26567.8618742	1827.36742828	2688.45332623	396586599.0	497.274	
