#Scan complete at Mon Jun 27 09:38:23
#MONOKB: 7297.959141	TABLE: 194.513646	HORZ: 64.362000	VERT: 25.203000	TUNE: 5.341421	
#XAXIS: 5.083920	YAXIS: -6.204090	ZAXIS: 7.008275	PHI: -20.000000	DETECTOR: 3.000000	
#SRSI0: 3.000000	SRSI1: 3.000000	MONO: 7297.959141	MONVTRAN: 4.059246	SVGAP: 0.250074	
#SVTRANS: 5.250000	SHGAP: 0.250074	SHTRANS: -0.700000	MONVGAP: 2.000254	
# Scan of MONO	FF1
#MONO	I0	I1	I2	Lytle	FF1	ICR1	SCA2.1	SCA3.1	SCA4.1	TIME1	SPEAR	
7110.0	379654.0	9847.0	1037871.0	344.0	534486.28276	783491.138937	38256.5692796	713.745812771	1111.87570255	395542410.0	497.581	
7110.05	379532.0	9875.0	1161119.0	342.0	545202.652784	796428.325349	38355.9240411	753.250418325	1190.75477089	396790651.0	497.476	
7110.1	379390.0	9870.0	1204237.0	341.0	558390.801504	812989.218653	38503.5863912	726.911365498	1143.02682046	396533985.0	497.372	
7110.15	379404.0	9871.0	1220175.0	337.0	570629.133616	825146.688561	38310.8738458	741.714054394	1141.49586366	396667935.0	497.268	
7110.2	379375.0	9870.0	1225410.0	339.0	583090.745315	841305.878902	38346.4352959	785.596970777	1206.30482223	396724929.0	497.182	
7110.25	379275.0	9814.0	1226944.0	339.0	599884.97669	861600.388705	38193.0251244	834.825874199	1198.96305848	397024003.0	497.078	
7110.3	379885.0	9900.0	1227672.0	343.0	613912.384399	877835.881432	38566.330628	816.727993813	1250.4529994	397003856.0	496.974	
7110.35	379832.0	9947.0	1226536.0	340.0	633652.069106	902194.073847	38947.1244263	768.809128317	1267.18809155	397059786.0	496.871	
7110.4	379580.0	9911.0	1224593.0	341.0	652415.598934	923108.694225	38595.2259282	864.884822101	1365.77135576	396553906.0	496.767	
7110.45	380395.0	10110.0	1223422.0	340.0	669598.274656	944045.65938	38159.2979248	853.12761156	1285.91862618	396758219.0	496.68	
7110.5	380552.0	10214.0	1222085.0	340.0	693248.828489	972586.531262	38470.876349	961.122501629	1386.09450505	396594530.0	496.576	
7110.55	380382.0	10212.0	1221253.0	338.0	718187.284315	1001558.76013	38621.1565003	894.586150351	1351.24117361	396804131.0	496.472	
7110.6	380272.0	9929.0	1220812.0	339.0	741403.400929	1029311.66287	38066.8795823	952.817453162	1416.20954787	397024986.0	496.369	
7110.65	380217.0	9951.0	1219844.0	341.0	767525.370112	1061556.19249	38692.4669154	1004.11894038	1449.35132619	396601336.0	496.283	
7110.7	379791.0	9968.0	1218514.0	339.0	797099.015842	1097127.63157	38535.2041052	1041.01226069	1527.58368845	396744773.0	496.179	
7110.75	379841.0	10201.0	1217388.0	343.0	820594.464944	1125721.2582	38800.4014758	1013.99330311	1500.08287625	396462703.0	496.076	
7110.8	379950.0	9960.0	1215603.0	336.0	850384.932093	1160512.30892	38743.5055994	1113.80643478	1542.99876398	396274123.0	495.972	
7110.85	379818.0	9900.0	1213959.0	339.0	879572.073562	1195241.98842	38751.0252782	1103.69829374	1607.8567736	397062029.0	495.885	
7110.9	379776.0	9893.0	1212786.0	340.0	902746.762345	1223368.43206	38800.2627019	1151.18429664	1562.54641541	396388607.0	495.782	
7110.95	379712.0	9906.0	1211926.0	336.0	927781.721036	1252818.09927	38532.3297312	1147.27080561	1626.35092224	396371314.0	495.68	
7111.0	379665.0	10010.0	1210224.0	344.0	962126.841887	1294661.17463	38791.4571571	1214.3376074	1762.57841629	396831711.0	495.576	
7111.05	379587.0	9933.0	1208810.0	337.0	984864.198291	1320819.60204	38358.581782	1181.94954438	1792.93950493	396392710.0	495.488	
7111.1	379488.0	9913.0	1207900.0	342.0	1014746.54728	1357115.74692	38820.1169228	1181.54603385	1761.76953261	396302694.0	495.385	
7111.15	379430.0	9907.0	1205685.0	339.0	1049285.95666	1399323.25432	38935.8984547	1269.01717941	1827.97645327	396810070.0	495.283	
7111.2	379311.0	9786.0	1204314.0	338.0	1076497.25345	1430952.46984	38951.7821447	1314.01562929	1843.00742853	396586541.0	495.178	
7111.25	379182.0	9850.0	1203545.0	342.0	1108819.08158	1470065.5294	39123.4599781	1352.00777088	1983.50983315	396893277.0	495.094	
7111.3	379994.0	9919.0	1203425.0	337.0	1146499.62676	1516080.83512	39411.3061253	1328.92419254	2051.76554646	397188620.0	497.734	
7111.35	382225.0	9927.0	1205721.0	342.0	1178225.07956	1553972.66753	39404.5147714	1433.16207301	1980.6980282	396258779.0	500.047	
7111.4	382224.0	9968.0	1206780.0	339.0	1209925.59019	1593617.30087	39845.8978117	1415.04417582	2132.68132744	396829521.0	499.942	
7111.45	382084.0	9954.0	1206171.0	340.0	1237902.42134	1628042.99518	40220.4330287	1471.4402476	2133.58835901	396400005.0	499.854	
7111.5	381786.0	9983.0	1204014.0	337.0	1263270.05336	1658461.62125	40488.4121309	1547.72217626	2136.92399784	397227461.0	499.749	
7111.55	381809.0	9969.0	1202120.0	339.0	1287583.22141	1686904.14618	40385.2169651	1568.77294871	2175.76411688	396909482.0	499.644	
7111.6	381664.0	9977.0	1199539.0	340.0	1315121.08192	1721607.38011	40227.5352424	1562.35905123	2236.52768293	396896717.0	499.539	
7111.65	381648.0	9848.0	1198811.0	343.0	1332580.20726	1742350.77455	40698.5400008	1585.30962498	2383.32021323	395966134.0	499.451	
7111.7	381533.0	9806.0	1197679.0	338.0	1355669.88619	1770422.90733	40436.6162454	1587.9150623	2333.08789707	396768883.0	499.346	
7111.75	381087.0	9858.0	1196779.0	339.0	1375030.54942	1794216.3177	40820.3256361	1608.77266014	2343.93561691	396586227.0	499.241	
7111.8	380867.0	9802.0	1196038.0	340.0	1390197.46032	1811355.36411	40708.0749494	1570.1977568	2352.07461518	396320239.0	499.135	
7111.85	380857.0	9800.0	1195036.0	341.0	1410154.46354	1836712.27054	41221.264175	1688.88498902	2414.53576406	396535803.0	499.032	
7111.9	380762.0	9812.0	1193528.0	343.0	1431150.53479	1861031.34054	40902.0982088	1669.01221578	2485.76287457	396438606.0	498.944	
7111.95	380574.0	9804.0	1191493.0	339.0	1449003.23964	1882349.92927	41293.9683794	1674.63281948	2550.18039648	396723607.0	498.839	
7112.0	380465.0	9802.0	1190354.0	338.0	1462358.85398	1899615.64578	41190.8238189	1790.24932264	2414.30372228	396001723.0	498.734	
7112.05	380513.0	9760.0	1188733.0	341.0	1488440.65947	1931016.06678	41917.8611298	1770.5389852	2455.66528356	397018476.0	0	
7112.1	380672.0	9790.0	1187042.0	345.0	1501373.26989	1947470.86495	41532.6227588	1714.64461045	2576.28591973	396479588.0	498.543	
7112.15	379675.0	9753.0	1184994.0	342.0	1522175.6686	1972714.35785	42032.6838001	1785.54330627	2471.87502509	396421153.0	498.438	
7112.2	379632.0	9767.0	1183710.0	343.0	1541286.82213	1995236.3796	41961.2053832	1777.22882153	2567.94961796	396883345.0	498.332	
7112.25	380364.0	9804.0	1182095.0	340.0	1553803.98066	2011281.91613	42275.2988621	1869.63997785	2587.39985353	395898648.0	498.229	
7112.3	380253.0	9747.0	1179655.0	339.0	1571880.21718	2034152.60718	42575.4599447	1746.52996312	2593.79201719	396431244.0	498.141	
7112.35	380220.0	9777.0	1177717.0	337.0	1590167.31566	2054381.25782	42064.4532234	1868.25418632	2821.35658317	396502648.0	498.037	
7112.4	379991.0	9925.0	1175752.0	341.0	1601550.78589	2067306.77059	42046.7546761	1878.91790549	2599.24209097	396635128.0	497.933	
7112.45	379873.0	9768.0	1174070.0	338.0	1617717.23655	2090054.90391	42289.4928402	1837.11576383	2691.6134625	396778004.0	497.828	
7112.5	379839.0	9807.0	1172372.0	338.0	1635351.25258	2109397.88965	42745.8725827	1825.44651599	2722.95771968	396852789.0	497.741	
7112.55	379757.0	9774.0	1171922.0	342.0	1646685.85836	2122974.96659	42718.549219	1805.89728571	2802.89175349	396509844.0	497.637	
7112.6	379675.0	9758.0	1170312.0	340.0	1654841.45779	2134532.57139	42654.8422312	1873.04955558	2796.52172323	396565639.0	497.533	
7112.65	379650.0	9791.0	1167861.0	339.0	1670670.71926	2153328.06222	42791.9126574	1854.69716821	2721.09326322	396935324.0	497.429	
7112.7	379841.0	9758.0	1166324.0	341.0	1680925.97923	2165399.76584	42940.8407551	2000.41397984	2725.65933127	396921575.0	497.342	
7112.75	380135.0	9866.0	1164405.0	342.0	1692643.9786	2179873.49792	43048.7608705	1886.13458203	2845.00138283	396735187.0	497.238	
7112.8	379924.0	10013.0	1163093.0	340.0	1706977.6639	2196443.78821	43314.4718193	1955.90531964	2841.18688014	397088532.0	497.134	
7112.85	379712.0	9989.0	1161101.0	339.0	1714736.40631	2204999.21159	42950.5143777	1975.30046061	2832.60921934	396638349.0	497.031	
7112.9	379722.0	10005.0	1158426.0	340.0	1724314.82333	2217933.20368	43200.497645	2013.51315284	2788.36103279	396401489.0	496.943	
7112.95	379649.0	9987.0	1156250.0	339.0	1739001.09764	2236708.48336	43672.9003073	2022.40920584	2936.42459746	396934369.0	496.84	
7113.0	379437.0	9993.0	1154246.0	335.0	1748965.19382	2249104.88104	43870.2492776	2058.62038006	2778.70043869	396363331.0	496.736	
