#Scan complete at Sat Jun 25 14:37:18
#MONOKB: 7200.000285	TABLE: 194.348937	HORZ: 64.362000	VERT: 25.203000	TUNE: 5.341421	
#XAXIS: 3.336820	YAXIS: -4.307600	ZAXIS: 2.851660	PHI: -20.000000	DETECTOR: 3.000000	
#SRSI0: 3.000000	SRSI1: 3.000000	MONO: 7200.000285	MONVTRAN: 4.059246	SVGAP: 0.250074	
#SVTRANS: 5.250000	SHGAP: 0.250074	SHTRANS: -0.700000	MONVGAP: 2.000254	
# Scan of MONO	FF1
#MONO	I0	I1	I2	Lytle	FF1	ICR1	SCA2.1	SCA3.1	SCA4.1	TIME1	SPEAR	
7110.0	378688.0	12671.0	1218116.0	214.0	631797.704339	817056.103534	11019.9615604	734.251023282	1144.23366216	396727447.0	495.533	
7110.05	378491.0	12644.0	1328885.0	217.0	633409.27537	818909.945761	11041.1653326	775.597714415	1180.43700077	397011198.0	495.431	
7110.1	378439.0	12614.0	1368536.0	214.0	647233.056861	835516.715533	11050.8901516	740.997684344	1149.21816596	396530321.0	495.347	
7110.15	378413.0	12590.0	1383495.0	208.0	659725.281299	850377.041034	11244.8119956	795.223507875	1190.25000984	396229480.0	495.244	
7110.2	378336.0	12562.0	1388230.0	210.0	676761.698396	872427.873132	11458.1527049	819.696228186	1253.34865194	396565838.0	495.142	
7110.25	378917.0	12566.0	1389133.0	226.0	698891.973271	899224.263895	11705.3726365	790.511534929	1253.62903967	396633467.0	496.715	
7110.3	381821.0	12751.0	1391682.0	217.0	720235.738183	926096.517702	12119.1918009	856.692548355	1359.71420205	396591302.0	500.063	
7110.35	382011.0	12613.0	1394064.0	218.0	744680.475024	955842.230602	12258.110542	872.241664998	1293.82513641	396499021.0	499.96	
7110.4	381927.0	12557.0	1394352.0	215.0	771410.934118	989338.353364	12612.588943	902.45875876	1423.34797321	397042425.0	499.856	
7110.45	381735.0	12564.0	1393205.0	220.0	791373.835463	1014044.08031	13223.6481742	911.688635335	1380.02183842	396753702.0	499.752	
7110.5	381439.0	12660.0	1391783.0	204.0	820277.193239	1049563.79442	13599.0597879	999.501711882	1421.60618875	396418776.0	499.646	
7110.55	381490.0	12823.0	1389862.0	205.0	850728.629683	1085818.63171	13925.8224587	998.801775689	1474.71986316	396802572.0	499.56	
7110.6	381415.0	12605.0	1388798.0	210.0	877178.142298	1119362.23419	14374.4873832	1033.54184093	1501.71852924	396990456.0	499.456	
7110.65	381338.0	12609.0	1386950.0	205.0	907995.922938	1156376.93337	14712.7515418	1040.29556356	1516.48719477	396868618.0	499.353	
7110.7	381294.0	12571.0	1385604.0	212.0	942739.334343	1199242.81862	14969.1750504	1075.59168021	1639.59589459	396927089.0	499.247	
7110.75	381197.0	12589.0	1384695.0	217.0	969481.744703	1232572.55411	15379.5008965	1126.4303387	1646.0790038	396270301.0	499.146	
7110.8	381156.0	12597.0	1382369.0	209.0	1001033.11054	1271302.08513	16212.1351724	1126.01794874	1713.73413301	396485052.0	499.059	
7110.85	381130.0	12683.0	1380248.0	197.0	1033082.62755	1311221.74847	16222.4372485	1189.88407703	1770.08418893	396711895.0	498.958	
7110.9	381043.0	12653.0	1378405.0	215.0	1057691.38932	1342521.08712	16915.1676408	1179.76019634	1702.69232984	396673602.0	498.854	
7110.95	380859.0	12496.0	1376521.0	215.0	1086033.80709	1377079.06006	17226.3317766	1248.92752906	1898.20092752	396705483.0	498.749	
7111.0	380848.0	12394.0	1375241.0	222.0	1117315.09476	1415930.05981	18037.8564237	1302.69295469	1835.61279979	396470373.0	498.663	
7111.05	380158.0	12406.0	1373232.0	220.0	1141873.58914	1447070.09289	18221.0829694	1281.01274725	1832.58931033	396406128.0	498.557	
7111.1	379979.0	12385.0	1371136.0	221.0	1176969.08652	1489592.90286	18922.213247	1342.42207737	1923.5020919	397035226.0	498.454	
7111.15	379920.0	12411.0	1368944.0	205.0	1205767.21659	1525522.81403	19267.0617796	1431.43735003	1984.68576202	396837926.0	498.351	
7111.2	379587.0	12417.0	1367159.0	217.0	1233696.79113	1560759.22785	20237.471948	1420.62119181	2040.5479544	397025069.0	498.264	
7111.25	379670.0	12371.0	1365155.0	223.0	1263355.05155	1598013.07767	20439.8363844	1417.46585878	2031.94955564	396648310.0	498.16	
7111.3	379555.0	12388.0	1363407.0	233.0	1295173.92963	1635363.54454	20675.0271343	1482.50130084	2101.09896593	396548362.0	498.057	
7111.35	379544.0	12405.0	1360992.0	233.0	1318713.54271	1665149.42605	21201.8724683	1488.48762192	2183.61347692	396651120.0	497.955	
7111.4	379419.0	12611.0	1359014.0	225.0	1343888.11069	1697519.06697	21621.2264813	1520.3176609	2231.29603256	396669346.0	497.869	
7111.45	379645.0	12682.0	1356519.0	217.0	1374452.08372	1735025.58722	22438.587487	1521.45979	2195.99861316	396797258.0	497.766	
7111.5	379341.0	12652.0	1354479.0	229.0	1391009.86963	1754752.88202	22467.1530406	1535.67518756	2349.05792821	396143910.0	497.662	
7111.55	379326.0	12605.0	1352161.0	223.0	1417713.30313	1787497.02933	22949.4553039	1587.82636856	2307.71251268	397082527.0	497.559	
7111.6	378998.0	12646.0	1349239.0	214.0	1438154.21788	1813026.81589	23449.9819931	1654.05451699	2317.82444653	396420476.0	497.474	
7111.65	379089.0	12604.0	1346867.0	205.0	1455459.84858	1836376.40157	23637.2246219	1622.18355259	2274.7119929	396649928.0	497.37	
7111.7	379023.0	12669.0	1345396.0	214.0	1474992.37699	1861011.75746	24110.0684716	1655.9733734	2403.79760636	396864975.0	497.267	
7111.75	378890.0	12698.0	1343249.0	204.0	1490226.68932	1880333.59193	24576.4424602	1685.38330705	2458.61347604	396379983.0	497.165	
7111.8	378837.0	12682.0	1342070.0	214.0	1503394.64014	1897222.61668	24561.2151368	1691.79606742	2471.96189724	396685662.0	497.061	
7111.85	378516.0	12643.0	1339539.0	214.0	1515297.15974	1910869.01277	24973.307868	1733.97292853	2425.18974891	395780661.0	496.975	
7111.9	378481.0	12608.0	1337089.0	211.0	1535266.14517	1934730.57049	25360.0570645	1669.66030892	2446.74849407	396107130.0	496.873	
7111.95	378399.0	12803.0	1335331.0	210.0	1552811.21803	1957072.56601	25497.3735242	1699.03281173	2569.61160782	396668122.0	496.77	
7112.0	378296.0	13028.0	1333272.0	217.0	1568369.67916	1976938.42441	26082.3661744	1664.67089016	2462.41577129	396728424.0	496.668	
7112.05	377823.0	12847.0	1331156.0	218.0	1584433.42823	1996858.96979	26402.6801975	1778.49734675	2574.71027084	396690282.0	496.564	
7112.1	377377.0	12860.0	1328812.0	208.0	1601174.03961	2017735.63386	26476.1999395	1696.51217768	2556.13608903	396926044.0	496.479	
7112.15	377273.0	12836.0	1326295.0	227.0	1614988.34468	2036192.23989	27192.8173364	1794.14739667	2587.21255027	396988788.0	496.377	
7112.2	377188.0	12820.0	1323872.0	217.0	1628366.24169	2052306.64224	26989.7412881	1897.17413457	2590.99781807	397035378.0	496.273	
7112.25	377352.0	12801.0	1321258.0	225.0	1638038.10883	2065032.15303	27749.2904459	1722.87106494	2592.98604862	395737607.0	496.171	
7112.3	377445.0	12827.0	1318376.0	232.0	1655915.94821	2086370.35616	27785.2309436	1835.91847162	2634.99357222	396381760.0	496.068	
7112.35	377340.0	12876.0	1316302.0	218.0	1672445.84867	2106824.11716	27967.8960051	1864.38153775	2786.79408178	396843354.0	495.983	
7112.4	377226.0	12840.0	1313911.0	228.0	1686410.82971	2124973.13671	28246.2408054	1894.10083467	2703.06238518	396551744.0	495.88	
7112.45	376940.0	12819.0	1310702.0	243.0	1700929.82356	2141736.143	28806.4521549	1882.27686312	2763.57412273	396593355.0	495.779	
7112.5	376897.0	12858.0	1307502.0	220.0	1708246.10074	2152722.05559	28758.4324917	2000.60553801	2800.63005947	396696133.0	495.676	
7112.55	376836.0	12756.0	1305054.0	225.0	1720178.70178	2166193.66632	28801.7004724	1981.10391981	2784.87230508	396393046.0	495.574	
7112.6	376735.0	12549.0	1301643.0	236.0	1732794.99352	2183495.39404	29120.2785656	1896.44751494	2822.87302511	396170793.0	495.489	
7112.65	376697.0	12613.0	1300149.0	231.0	1742638.18607	2194004.37516	29185.5418327	1890.53492988	2856.51759878	396550007.0	495.386	
7112.7	376594.0	12921.0	1298151.0	228.0	1753003.76857	2208109.86819	29461.5056768	1967.95483545	2809.02644195	396529966.0	495.285	
7112.75	376489.0	13081.0	1295145.0	219.0	1763216.28718	2221920.22051	30088.6463482	1935.18228227	2814.90981724	396548305.0	495.184	
7112.8	376291.0	12972.0	1292271.0	236.0	1770696.31764	2230963.81466	30100.0598072	1944.6514498	2903.32858227	396446883.0	495.081	
7112.85	376574.0	12995.0	1289088.0	237.0	1788761.57093	2252746.92872	30469.1704389	1985.38578761	2866.07975834	397067510.0	496.778	
7112.9	379079.0	12971.0	1289880.0	239.0	1812040.50386	2283453.33745	30834.9786833	2063.46981502	2863.25583558	396644482.0	500.068	
7112.95	379822.0	12850.0	1289591.0	229.0	1818331.51746	2292674.22175	31064.9939628	2017.1505434	2821.60287623	396655835.0	499.964	
7113.0	379997.0	12876.0	1287409.0	235.0	1829870.90214	2305963.5393	31430.9801173	2099.34109908	2965.57939297	396446699.0	499.86	
7113.05	379921.0	12816.0	1284097.0	223.0	1839059.06833	2317582.22415	31473.6885181	2067.35067647	2946.00210336	396621217.0	499.757	
7113.1	378996.0	12654.0	1281228.0	224.0	1848961.48227	2331131.84249	31821.5930363	2054.06673154	2941.89706908	396908341.0	499.67	
7113.15	379473.0	12612.0	1278166.0	232.0	1860134.12125	2344866.90362	32499.1360103	2123.18037781	3042.20163638	396889171.0	499.566	
7113.2	379810.0	12609.0	1274494.0	211.0	1872776.19321	2357092.02114	32119.9573356	2113.16952445	2951.41537943	397011003.0	499.461	
7113.25	380032.0	12598.0	1271419.0	218.0	1874688.73527	2363571.30404	32759.8885052	2103.87625676	3014.78772944	396920764.0	499.358	
7113.3	379967.0	12598.0	1268433.0	218.0	1882068.87043	2372912.11479	32766.4247106	2146.58401948	3062.31346819	396497922.0	499.271	
7113.35	379893.0	12630.0	1264938.0	232.0	1891402.55457	2383982.3747	32803.7137318	2049.68288989	3110.77274607	396645874.0	499.167	
7113.4	379792.0	12613.0	1261799.0	212.0	1899081.29182	2393311.76293	32579.8641444	2118.37238872	3103.94294509	397028111.0	499.065	
7113.45	379736.0	12585.0	1258808.0	222.0	1904322.76234	2400271.72089	33263.0012999	2148.87210169	3023.80928478	396545841.0	498.96	
7113.5	379864.0	12639.0	1256601.0	211.0	1911164.92674	2407930.76523	33394.1246094	2133.03706513	3065.41615339	396527343.0	498.856	
7113.55	380269.0	12583.0	1254828.0	214.0	1921335.71599	2419250.18875	33526.1733259	2177.8813381	3019.33549145	396729708.0	498.753	
7113.6	380220.0	12372.0	1251936.0	231.0	1922055.44131	2421621.39465	33358.5962293	2164.19930681	3000.39222657	395934298.0	498.667	
7113.65	380113.0	12373.0	1248788.0	207.0	1932061.57083	2433270.37894	33622.9957275	2172.49168819	3084.85015299	396709053.0	498.562	
7113.7	379907.0	12597.0	1246259.0	211.0	1942013.69633	2445595.36693	33853.8573872	2127.22062224	3273.40937367	396865285.0	498.459	
7113.75	379800.0	12589.0	1243169.0	217.0	1943827.24629	2451075.70325	34020.6193985	2176.19189833	3123.31995125	396760223.0	498.355	
7113.8	379772.0	12615.0	1240226.0	212.0	1956748.13714	2465356.59639	34216.5427076	2169.59303743	2997.1016058	396964722.0	498.268	
7113.85	379705.0	12608.0	1237141.0	213.0	1961195.27459	2470465.87763	34501.4766129	2244.17770626	3161.2483603	396404426.0	498.165	
7113.9	379589.0	12621.0	1233704.0	221.0	1966013.57123	2478095.06042	34293.4725482	2235.73994046	3226.82978586	396935696.0	498.061	
7113.95	379560.0	12627.0	1231162.0	210.0	1972403.31479	2486886.82185	34905.3721406	2144.98590293	3117.67359772	396924475.0	497.958	
7114.0	379469.0	12580.0	1227978.0	202.0	1978122.87917	2492317.32679	34641.0267684	2161.20291208	3165.13075792	396332979.0	497.874	
